17161
72971
9119
65675
45182
40900
68024
10757
33386
60684
74878
78361
32151
28389
16804
12510
52577
49164
16152
17698
26149
35824
39653
72183
34964
49724
28314
12199
32041
56759
33412
61453
27926
11400
72643
6171
35717
2566
32711
32294
407
4241
13801
37204
35497
25252
19145
46415
16245
25911
42120
24134
60886
16682
76520
42758
29504
51026
32769
27351
18320
78030
72304
72014
17279
8879
72892
49035
43291
4232
24159
2557
8324
49782
37758
65159
13756
60056
40789
67094
26267
28259
27907
3410
37187
52089
26858
35374
61167
74903
77580
25772
66130
69065
8768
33789
47763
430
41349
56615
7057
8351
75711
41666
60026
19593
12465
40821
41657
20663
5503
49005
58742
58734
18912
66808
56946
74250
35236
17092
25097
66806
8901
56043
3857
16921
8630
72702
72821
72721
697
64893
65607
41183
57428
11266
4641
54778
65079
66469
9802
1962
17346
8669
41022
48792
2864
58584
42984
35951
1347
79097
11323
13153
18362
2645
36970
65608
72557
43019
8925
1557
41182
35272
3532
4832
8742
48144
67461
44109
65911
75216
51943
9169
49227
58920
72868
11362
69122
24765
64682
11440
25415
10292
25443
37021
64514
73432
5838
45480
684
75478
24108
16792
61616
9305
68716
40975
20522
43086
59252
42329
57709
2310
73954
78977
1097
73417
26556
49504
19399
58572
49252
27157
17694
72957
49567
54390
46302
25335
56182
24419
10487
27080
11145
74068
75998
3896
40127
41033
14561
57532
70037
46307
74075
3765
26397
24682
72684
74454
56073
36208
42173
34261
45801
30644
48099
41806
25755
44594
33742
24988
3154
36550
65366
40011
64091
70751
26771
32787
65221
25194
16870
68303
24366
12256
69721
13361
13513
66732
24181
18287
59603
32321
64055
56189
76194
69054
77237
8944
44079
4119
24730
64063
58038
43742
25702
56618
64539
32365
27627
69083
57018
28874
17761
49110
74473
48779
66089
56293
43136
817
10509
8488
42998
48523
13026
40421
67197
34813
27901
35787
26236
73330
34591
3517
76535
42009
69220
40700
74404
35732
9372
76087
2279
53854
41137
61009
66464
66369
52557
76966
18589
33344
16608
1401
56396
36236
18277
66416
22186
69700
27225
76249
12991
60650
61786
74393
40009
34589
8034
32872
21041
53139
36511
16546
69672
53645
50996
74100
75615
34282
24334
12198
75374
3533
64234
13942
41392
65689
17985
34743
55129
9951
44878
58168
56760
24749
50482
35414
48196
356
65134
841
11902
1386
1930
9748
21112
11095
32419
25722
27255
19615
57215
35771
16139
73952
77773
19638
4569
41906
57123
58251
59358
50319
449
26922
74911
16741
53171
75138
52115
24489
8935
18735
58265
42190
16890
67216
41745
18167
50381
73737
59518
1553
49458
43990
25046
65094
32201
6213
10996
16366
44336
838
13144
61237
65957
53591
34864
60086
63871
16579
27352
9676
64131
32744
51445
22373
9322
11080
74052
6616
57199
51043
75405
54133
64182
35396
30790
32550
13786
52177
10454
58222
65198
73829
45931
41152
33112
72713
43834
18552
40197
57685
41163
27563
51862
70860
73375
29893
51560
43114
56976
49214
65920
40005
8471
73328
45549
65290
66995
5456
66797
69527
52023
37765
74023
16423
43655
2074
12081
3491
1232
35077
58763
24889
32187
3459
29363
67711
35521
35862
65725
933
300
77502
35408
7064
79734
66372
17709
62925
4369
25449
51236
8075
25390
73021
29678
4275
18592
26421
8427
57377
40820
12115
69427
11566
16908
41539
40337
60084
24812
42307
53282
69600
43987
40943
61772
51621
33516
10645
36205
8574
57347
19277
2478
53724
72901
24109
70399
17915
10633
41833
34993
44888
30692
43920
50126
23662
32867
18213
46658
9307
50781
74117
36811
24522
25237
70222
48479
27453
16934
16553
72614
864
17897
60915
75976
35533
26175
21547
24503
905
57789
27928
56004
52881
16181
66776
61402
24353
30839
8893
74835
72072
10038
127
32407
69370
57264
59145
9856
25284
5677
76920
59240
64576
10247
74406
73700
16240
44637
25929
36435
72447
74590
42636
51072
1866
53766
1543
76590
27477
51335
5211
1436
41635
36285
65533
51344
46930
57892
58641
65604
48922
76606
52792
75364
21530
26722
56133
28502
59310
43961
11537
33017
57954
32317
3523
10111
27657
10989
65015
76916
43143
1356
24226
62343
33873
27710
8799
57998
51513
75191
17926
67762
75076
26464
1483
2500
25487
25674
2100
27219
62334
25996
74524
50608
25990
18895
38543
66225
75345
56444
69470
24848
25469
49661
32876
34543
77373
49342
68542
43299
122
18231
74370
66544
3610
56110
15463
25562
73318
76231
17654
65772
916
33630
33954
53912
8002
56793
19469
74426
75680
44124
77155
44344
46516
24686
48062
48697
25661
14101
43459
71118
25852
52204
1127
3183
33339
3097
19560
60956
11943
75420
74958
53738
74395
9285
26751
40054
51326
66791
28540
64294
35046
41406
73117
52179
35766
36520
5363
45081
16639
73358
6301
1212
36631
73690
6291
63504
11022
40298
43594
17492
11683
53761
33076
40211
1870
58824
39030
4096
12885
45421
48850
17329
2804
18404
52309
33718
8112
44382
18654
25741
10534
13459
46185
73227
59215
35996
50712
322
3003
66156
10912
76368
73449
41142
556
73301
3556
21786
26546
27891
45417
30127
24061
58408
32519
10290
1026
17359
57854
20186
75108
35692
41243
32156
41855
4804
33230
3242
35120
5044
61117
21574
76234
4053
66399
33501
74644
57682
41952
28177
28697
74121
77403
28242
11210
62795
16534
75462
40409
10467
1179
72182
50649
74928
5426
68055
64426
1471
12357
26011
22728
6271
31273
62874
19524
77234
27727
34843
17980
72603
34847
8360
9465
1082
73792
70463
57020
363
69964
64058
57207
42311
56778
27985
20808
59857
2690
21832
56973
51009
26700
43793
8249
44010
50783
66787
8618
8637
28549
20888
41934
66596
61285
842
72525
17700
19609
51444
19725
3667
3967
67370
70554
34958
27829
66658
8512
67402
11290
35041
56112
49128
20935
10403
72034
66410
11897
5603
65966
70104
40503
76250
6041
65629
58172
68072
74817
50207
2042
9820
55374
75060
58891
66185
30624
243
25904
57842
51737
27436
49369
42292
35188
48643
50980
57985
64083
11539
74372
40923
8453
8785
17886
43569
48895
17527
59231
61369
26431
32915
32376
74885
40809
35219
4519
26519
27697
14978
43702
64961
41147
42236
34043
1771
28736
1003
28365
38383
72582
23404
74321
25829
35148
72962
73121
12101
74706
16397
25022
67766
48692
2746
1498
27061
9404
3053
12842
12360
11111
62610
33830
38375
50562
10082
5089
35587
41633
75300
74329
41728
36917
2533
28729
77459
67339
56419
16036
377
17157
59158
27188
19299
66647
56746
16080
13658
64563
14073
76079
64670
7105
40031
42737
59316
72429
244
65080
48460
36207
9584
3494
74359
16170
76842
64935
19481
2191
32371
65993
8827
68427
66750
72211
41517
43605
64021
72646
72983
658
66171
17154
78291
55542
36278
48553
64279
69969
10673
51488
75775
978
27830
72268
2334
35491
3363
36688
18438
37463
32234
1924
14989
69445
12464
76949
8438
65867
3764
26721
77340
40690
9365
41283
44743
325
3873
34676
49048
64824
10556
13116
75620
72449
2186
34277
1857
68906
67397
74034
30955
74482
8515
51988
50225
3806
48988
35639
32206
66012
40459
73193
20669
62856
77188
64688
56728
28193
16622
2648
57008
61486
5674
53334
16383
17519
13861
58887
78128
70380
68776
5185
48256
36971
45064
37094
72422
43278
35017
37077
63087
24603
58653
57313
44068
9785
9928
16783
34252
3694
48677
17891
64808
52345
57600
17969
73748
45411
38544
70326
28062
22828
2270
24971
67405
33435
57551
58371
40021
10278
43137
64765
24598
3632
40578
26320
67806
9149
45984
33533
36087
68317
73645
597
17009
57888
35610
74940
21005
16029
11611
32013
28122
68236
8545
58935
29861
25716
34765
17791
68630
1827
77032
2438
74079
48979
40836
64934
8326
1842
2151
60489
68845
7685
14954
64369
70771
6001
63176
19855
64081
37101
53071
25364
66079
8468
27837
72876
6614
28459
17997
8205
22424
58124
58713
70336
8285
18405
66273
78435
41545
45498
56646
14875
20295
29444
27472
42671
27976
65927
49796
56763
12607
24909
26237
13440
50513
24016
18872
54120
9005
9066
16133
16791
56229
61090
51963
75233
42268
48075
20347
29785
34775
36847
35423
34890
60664
29761
68244
32272
27694
8750
33200
5817
59204
8711
434
48476
56093
49329
19817
14111
2049
2116
24294
808
56970
2603
23277
22111
8704
22567
13488
78079
41717
28816
16582
77759
3119
20033
10921
21302
6819
35064
57594
4617
11598
20390
24673
32840
20562
69831
76845
25302
35869
64152
75654
26479
69668
11827
49952
18152
67746
49670
64797
74179
69138
3607
58667
55473
24218
9620
64
67785
33206
28621
9479
50053
14044
32209
25685
40523
58438
78216
57041
40261
25378
19955
58088
20948
56252
593
36949
48849
13375
28445
16313
61766
19256
64435
5319
17367
58828
25711
27160
38496
619
59059
40922
3693
27263
16749
25486
6607
75262
60406
69025
43340
65058
53614
11861
37459
37628
18581
19252
73003
73570
37089
13527
32250
17348
69531
72559
40157
1716
44014
28007
20336
68297
16600
70369
11784
41713
36935
34202
21461
26356
30560
55794
18368
67528
24043
74063
41599
17385
40662
57416
33866
11297
5117
25144
66001
32580
48245
2376
35328
72302
4272
65285
72828
27393
27968
73510
46338
21826
50063
72378
53387
69929
9914
59335
18073
41715
15116
18478
55219
4807
20228
26463
5528
41910
41968
56307
57079
59396
63523
19927
8957
42143
50559
50424
2680
19321
41874
35292
16929
44900
43426
48847
25096
61439
1939
33452
64484
10229
17225
10761
1593
1748
72207
40249
922
18998
28773
78850
41118
37144
72863
26805
48159
45403
46618
49902
49077
67950
77420
20498
8797
52263
686
49372
33994
66661
33816
8852
31016
26094
34854
49440
67834
74281
75297
49013
32032
25432
41486
1747
6306
69655
64915
34832
9392
41128
49931
22833
6585
52664
41932
78545
3875
56537
8830
12468
16210
33221
57699
60100
72927
43761
302
1885
58794
70026
25881
49636
8216
16872
40509
4952
36424
57529
26054
20257
75263
30965
59236
32881
24797
48537
16852
310
3056
752
11104
65979
34119
48958
73054
76856
53641
25288
16698
2044
46316
9431
35049
33380
25133
190
40709
8846
44499
20320
24452
66679
53377
3561
51003
10955
73369
66175
46141
65103
54121
65827
8181
32312
9742
69667
12544
57851
52976
72140
76337
37845
35144
25192
2602
7742
20058
40464
41345
68438
3522
56060
1993
1569
40784
75363
64368
48172
73102
74462
48890
8384
15751
34482
40641
4690
1344
9351
73487
47296
56963
13216
48158
8073
28987
11493
2004
36477
59911
44822
13372
76384
65685
69423
65987
49323
29391
131
16838
5380
43491
51277
68011
57334
50402
67886
72513
51532
25973
74566
11798
2236
56700
4704
27579
75632
61785
25168
10908
74860
53075
79333
67432
12239
37510
79323
2844
819
10176
60399
34821
67419
1881
56961
49722
75796
72503
61361
72170
58021
26041
50370
26621
30416
28674
57410
59775
43988
764
16542
56149
9088
46869
22145
61699
72788
639
65249
4102
66524
27102
14408
58521
68114
1074
72458
41863
24676
16557
58969
65702
4797
72307
7261
49525
50728
17470
1241
73601
57136
73018
400
53475
36143
61003
48409
73758
35425
45026
56358
2604
25987
66867
8661
13512
73835
54196
72341
3701
15018
56619
26806
31109
65721
16690
19281
10689
36485
48861
28868
26098
41576
46132
35901
24080
4966
33687
56667
65173
49188
54642
25231
32102
17022
1462
4659
64799
21539
45708
26415
57931
35132
51926
1955
2668
17826
61512
57778
8778
40513
19555
52913
24529
19114
64524
3816
26981
14976
58906
66100
72636
57220
57375
53361
41457
65571
16131
11866
65034
75457
65871
60050
62120
8614
12178
65189
44332
11838
73636
52869
64488
62302
56784
18721
10217
45695
32967
64709
43860
42049
9118
9797
65500
19943
64720
51395
53097
75709
52289
75900
59778
43281
21226
27624
27668
58683
24907
32000
30632
76846
28155
24900
37340
13214
11163
1903
8828
9633
70529
54422
21840
43642
17588
57176
74031
45391
66330
36273
58180
29668
65222
27154
62594
42445
10687
65875
76071
596
4173
40626
42473
68514
33429
12245
10611
64729
12186
38131
24591
9176
54246
10501
77813
19742
24624
35355
9417
67804
27372
35807
10284
1501
37806
66560
73414
78296
73701
41547
41591
42379
1463
49607
13729
73334
794
37540
18511
1860
25323
55200
42673
40669
6143
33520
64668
49469
44502
58469
72652
66981
17386
30224
16000
68077
59903
36000
68082
11117
56051
28707
49934
9078
9938
74224
50202
43158
33001
21570
67057
22922
4238
65140
66222
45892
17125
3580
26775
58332
69556
75093
15971
59359
25034
74559
46731
58630
30230
2913
33231
34856
16022
8664
11642
34697
75610
16864
13386
40838
387
21636
32406
32710
1529
2920
37715
64142
724
47574
3325
67082
72819
60057
57062
69896
14844
75477
67362
82
52777
50538
25109
72234
1525
33224
44432
65471
24872
66758
43908
68767
73963
12623
66384
3334
33815
46806
20815
693
48609
4003
247
18268
2905
83
16049
57544
35623
45244
3120
20016
1532
46094
65769
64126
33705
36419
24594
20636
72197
12145
59610
28474
66321
78870
41498
24368
3861
2990
58342
59522
18729
4887
24768
18131
8958
28802
64627
43033
29589
77682
72975
66677
11678
15761
34382
79061
28481
17347
50006
50938
64814
43219
71580
64238
43012
15499
42344
56227
52609
9796
56785
28888
66093
70583
18971
8937
37975
52287
48486
26514
73226
18386
26939
9510
28174
12184
62848
34269
6388
73415
68046
58167
72230
14522
32459
32353
39154
75008
56899
20870
8258
68165
40888
64069
59694
3158
8511
2230
19694
29860
10417
25142
27256
2180
74027
50281
67076
56101
65209
42489
3028
58338
32363
61922
63407
51499
17934
52490
53739
70248
11281
17102
59614
67295
1921
65614
67752
64441
22039
57114
40446
68042
37558
61310
51228
16062
75105
79303
72279
40136
11671
7310
51523
73509
4596
4495
60034
58194
32684
10653
3109
12473
40525
73840
56234
34452
62235
48441
65091
73898
40673
52116
46920
17336
65336
4930
50334
65982
78687
51948
25368
27362
40264
41650
9509
35206
21783
44922
27924
48365
64105
35864
52929
27913
22481
57575
59471
51746
45633
25803
71111
40028
38683
5256
20968
12421
16158
67807
72242
76154
1808
30690
37086
49285
8657
32479
425
21101
32816
6562
4051
76725
57915
359
65605
71422
42280
33108
17268
1491
58303
32435
8539
53183
6129
12901
68496
12248
40881
48585
57671
60398
19491
29484
37041
3519
2809
60599
45136
47061
26900
4748
50609
16916
46100
12454
19671
44640
61348
25297
33191
73460
56842
54005
24174
75437
25510
17105
3350
9081
908
73860
51171
17558
5834
29326
16975
50572
34437
29272
44813
33577
66037
3260
42454
27524
60761
14798
77162
36104
79450
352
60564
58571
37789
72862
3641
43800
66032
58047
40727
41908
60
49007
53733
29670
30024
7831
11906
68089
46737
33609
35914
67951
15266
33521
36086
69261
3092
43632
48319
18756
11616
74892
40941
67218
62043
18770
53987
12967
6774
51220
42821
58224
35337
67696
25614
75791
18924
56102
49538
20979
13514
38113
41229
5178
42451
48925
57492
16715
34321
76013
75532
3626
17480
58607
53841
27186
32263
25747
1730
58708
74339
72715
1281
40853
64477
76393
40324
50790
49863
19034
56582
26305
59282
16114
18007
47351
24238
74731
66649
25853
9207
48723
28611
77937
66490
13408
62847
13331
61494
21047
12094
64031
32302
78050
2168
3009
13857
51610
32195
32913
48717
2626
1454
35300
50114
59399
32161
66489
59568
65716
10416
30146
27954
69654
73143
59558
43965
19089
38000
20789
36554
49099
29229
28689
4061
43976
44354
35742
24876
65752
51389
25868
33476
18645
10533
61708
61834
49638
3564
50716
69843
39474
37286
26745
11388
32929
50487
77951
45392
8980
6215
18859
68475
78856
42815
16472
60844
33406
16539
32167
24855
73047
269
43443
10949
72633
25418
8373
45325
72474
26352
17054
9384
72210
32126
26151
59099
1944
9886
56415
66444
72069
48453
2581
42715
59225
3588
34838
8271
40564
21374
75452
34215
21036
16451
4941
50521
9433
77327
30570
18443
67959
5029
29138
9089
48859
43258
2340
24577
51930
28450
34825
52487
74013
17963
41521
11517
16428
17805
8305
11763
9146
54119
9251
1109
19862
63231
7786
43304
53948
36260
16786
48120
73141
44631
10101
20044
58747
76558
61883
16440
32704
93
68364
56342
58280
77404
33676
5885
17523
34728
46774
64838
948
38282
9450
15447
54441
21121
74955
32320
37289
19990
72264
75891
12900
69353
10595
43035
68110
33658
8446
517
17944
49687
3847
67708
58536
76709
79877
41682
64548
64499
9425
25008
56872
41049
53682
24173
36275
40732
40899
49889
32538
51205
20514
67617
60191
57809
25870
12531
19535
2417
22726
9662
23159
484
62860
48772
49152
67269
76840
68807
48982
72359
52165
11093
27318
42848
40973
2165
11926
59636
48216
10512
75730
3472
2838
75904
4104
75674
25712
73575
34533
223
1493
25759
77550
41718
52018
67527
34972
5176
48570
50975
29141
41859
73736
41116
28408
11988
20923
229
65594
17469
32798
9694
60256
56160
42548
14247
70627
73491
30303
42146
22179
25283
33783
9569
20212
73602
49566
35315
11500
460
15083
20310
45503
18831
37356
49292
42082
49356
34867
73911
12814
75774
198
1137
10716
67172
9616
10046
14834
49845
72095
68485
24980
58326
51410
42029
58764
72362
28128
4490
41537
3136
16069
4048
18919
40255
26
58590
75592
5306
33998
74328
35054
66901
64332
64852
34509
68617
18060
22260
49628
74175
2099
40843
78383
56124
58377
59777
48875
11860
19477
29262
72911
42724
66239
58600
44097
2711
10884
28427
44168
8235
33022
72426
2494
51150
39403
74601
58420
65060
2882
25025
463
17814
9408
20129
33348
38721
61649
34023
41217
76047
70144
32050
32804
68606
9880
1267
29086
923
1190
75692
67911
57447
20708
34132
24040
74605
8018
72881
43515
49761
74206
66627
72047
67139
2630
38193
76685
1305
74130
57620
24928
27437
8863
17833
78603
73324
50941
18979
57152
40290
3354
16166
29375
42659
21973
8920
76753
31026
57310
62089
51819
79718
51730
76225
48494
34946
38247
17366
48348
72539
40595
6358
51011
16491
43557
32012
49033
25608
20909
19887
1710
8808
79648
68139
32105
12938
73138
11463
57342
17884
4894
50741
24484
73827
66635
66952
13150
38443
8700
26518
25533
64292
8321
58319
9214
41724
16262
28717
75975
32485
11703
40788
58704
51307
44331
27659
64157
14881
30304
10736
60319
25849
24571
51095
65234
69111
75506
47350
58776
4294
16208
75535
28284
13469
10147
75859
27004
2644
59939
25899
8359
27385
10923
14137
40729
67778
56041
18422
69346
32761
65006
59521
13256
15332
51626
4153
14571
25316
33738
25613
16042
4478
57003
2687
49746
56199
77683
2095
2032
51684
28417
9498
72296
48450
25836
74967
49577
18784
68561
41751
72716
72349
12432
49621
9732
53993
65156
45607
12475
12869
40447
18056
43663
16271
47321
5
19786
56662
54947
17786
67820
40848
1296
65610
34510
19326
8450
38911
74405
56617
24335
18533
72751
67974
32362
67897
70255
16198
72452
72755
50775
59481
52728
48633
66933
73126
32912
28479
57381
21327
10924
46992
35424
74834
67038
25041
20073
56620
74334
56749
73921
75714
8695
17982
73503
20302
26656
73507
41410
3751
72560
44652
2109
51506
139
725
40528
3926
18837
69158
33432
56848
46173
5933
36056
59712
65651
27918
75543
40714
68895
9745
61381
61078
33490
26787
7208
34442
57684
61334
53697
4069
42002
11084
60128
53243
16526
21984
10010
72979
48995
745
56910
9683
1650
9492
72436
2012
11373
44148
6864
65026
5221
40327
67879
40411
43626
25103
17777
19856
25110
1580
60519
65965
38834
66592
40265
50106
32467
58990
77102
8801
35416
4453
51952
68220
10092
42034
58257
25564
10419
66836
11836
74383
2325
27326
31229
10483
64604
58901
73995
10245
61261
42990
38647
35336
77809
969
50714
64880
1265
17083
22678
46702
72837
423
68017
29015
43587
24539
21971
3421
74238
13234
6401
59445
64722
72052
11998
41986
25024
46056
73228
52098
49702
4134
24899
66307
40384
68858
67
58698
72030
25226
72167
3846
4208
45218
17263
27473
48565
16236
2813
17489
37266
74730
21020
48563
64656
21798
66131
78547
34853
10838
2451
57127
35413
28392
48558
32492
68498
10862
40644
40948
41851
68074
56095
14687
75828
58322
10726
32899
40502
50737
11535
62908
17080
32304
22970
42168
37196
26718
66041
54679
21467
51832
52162
19157
73673
9001
51977
44091
1744
19376
39623
12341
32346
36870
2255
12566
41003
18801
48215
75504
13017
143
11825
50478
44620
44060
53941
26704
59182
34820
61476
16241
5566
41293
412
72817
45732
60135
27214
70455
2979
18103
75542
11033
65733
50767
30413
48349
45187
16350
21830
35697
43713
8820
32606
26016
34493
49250
77141
35162
41456
43566
66667
38348
901
60516
64537
24573
26327
20162
809
52633
30739
14090
65190
17686
60891
25846
19837
8149
77297
36999
67365
44245
57247
27170
77587
22706
33728
56048
66784
18490
34372
27033
76104
25242
24106
43394
50832
65490
72740
74678
9415
33453
41341
73564
42298
5720
2271
37171
74366
26648
41691
57073
43366
9591
40737
58608
72626
68265
12963
10811
64697
34245
24756
17852
51794
48747
55195
27568
1803
4501
75840
45634
1573
67796
17001
18243
42721
46145
43622
60417
24354
37719
65311
56164
25232
3784
19193
49486
20017
520
34618
60579
42431
28278
45784
70171
64634
56797
50057
27354
44751
21487
70001
62336
73807
49966
32288
51891
34992
60630
31193
50612
64928
48237
51297
67655
27062
31408
77511
50872
8949
8600
9294
11040
19241
56966
50784
42802
68680
33635
11207
51524
72386
33139
3425
33115
28551
74759
16403
61584
26872
73019
76488
20668
64753
8353
25995
2250
9924
12050
18392
76750
41281
16528
49230
3964
8759
53617
75617
9962
34738
17881
60862
61585
1927
28292
24898
44363
35229
62400
52269
68503
69916
12796
48824
43866
33820
63632
25634
34201
74371
76768
21351
73893
46966
26134
55084
25736
11311
42872
48740
43705
3264
10219
50893
50900
74151
43493
1244
24596
36300
65601
22143
21261
32559
24799
48333
49612
46772
15084
76555
32064
60231
41389
8030
72023
16079
27714
67743
68844
32316
66604
57441
24662
15579
10473
313
62772
66272
60110
48155
1081
60416
20112
34014
787
68663
20025
33181
74844
40654
51592
24286
40665
38480
40780
3066
33178
14030
62152
75119
67422
32339
48334
37221
66936
17665
43415
64301
32526
24055
41148
65196
3174
59919
30412
57148
9272
59080
64750
34037
34512
19665
3141
44505
48626
76284
3058
45462
72714
24241
74159
56843
32724
20581
34036
64199
41792
31528
32355
53670
52547
28822
53072
66340
56589
38433
43516
20105
28650
77400
46537
17482
21164
417
25651
13504
50855
36399
7753
26184
30575
1255
56979
8939
61179
3229
24593
64103
12953
58980
78139
41818
52147
66355
65668
34490
58767
35079
47097
26906
67210
511
31554
69621
1867
2131
17073
64020
18324
67750
3072
16856
13671
18742
9774
30378
67634
24607
10159
65561
67136
8971
64149
52484
13215
33487
40348
12225
51533
46613
21310
40882
27021
32333
3013
34791
4808
22369
73153
43853
24285
16920
65054
11082
57222
19403
20330
65954
4063
41404
58836
45379
881
4749
25160
8186
1777
34571
8312
16912
27679
33016
55722
52462
2383
43712
68306
21577
73100
51273
56567
22302
36555
34760
36560
49131
652
58131
16896
22083
6725
72091
42525
8959
43778
4529
34169
12961
1054
25621
12300
51269
17887
40170
12253
42140
32964
62169
69310
33701
41903
26628
3132
65572
59754
72113
28954
26781
32086
11769
76230
8349
74874
41431
75719
43470
59357
59623
40711
44080
748
16684
5479
51439
69889
18380
67075
73355
49366
72410
56216
75908
43083
40143
64982
19341
41121
17801
32792
28399
46553
66599
37452
35362
59905
8375
9014
78058
26997
26245
28740
56487
20453
45569
56995
56469
59293
53399
25012
12800
48386
24587
18049
68899
41469
48568
17885
67298
74399
76462
26626
57760
57947
58896
48047
68094
14242
57212
34634
75071
72112
66447
16840
74963
78053
37466
36169
69099
351
765
26277
9513
51564
11182
73794
29581
20180
17204
32109
19662
32278
21132
17454
5204
65446
33176
38292
21791
33126
8547
5752
2143
2434
52661
34350
24491
50919
2206
43346
49631
33678
37716
18766
3099
16409
1146
15107
21513
5009
20526
27932
11686
1630
5719
57940
21724
65284
75794
8307
4926
64728
25859
16882
25496
76058
67381
24628
64990
65005
34341
3732
9222
73208
690
37354
56677
40066
66259
76236
50058
34569
54352
56021
62142
37791
17373
70659
4152
16119
30131
66915
70145
3420
14632
75106
24514
65402
51325
40063
382
31
41451
22345
35326
24986
69566
68631
16663
70745
65670
69251
40241
3203
11492
21208
26728
45160
32507
24521
43271
67966
64458
40412
44982
19075
74891
68068
18942
54614
44493
25786
77598
33481
924
36929
65677
20313
72248
29721
24831
9736
32370
29591
67119
17906
72987
9411
58766
76051
10902
6298
49995
34273
60592
64664
9062
33749
74838
68149
74056
1863
32693
13963
2633
32398
33376
2418
49642
24632
20050
72599
54493
33502
62947
22121
73488
5153
55227
60361
16752
74642
65914
74432
43010
52335
64396
52554
19818
886
16296
13091
19789
52811
11437
47147
27092
19187
4678
54615
16665
10785
24915
77055
49080
32349
642
48024
65300
32412
77078
75175
72677
67946
50282
34981
24626
65108
77289
41271
75977
1378
36539
44609
67291
52234
2432
3094
50168
12905
73305
65299
58726
59690
49773
51820
56877
18312
49992
43646
32778
10410
72534
34616
19465
22405
73119
59693
56665
40822
32733
6275
66115
4594
74670
18451
72198
64402
42409
9107
66759
58043
64122
50305
31253
40902
1711
12807
32279
56663
3073
50908
17697
65701
8400
19704
35479
36871
34643
38007
59995
59800
4446
21521
61378
16917
16837
21201
72054
66823
77746
3317
45031
561
36215
25005
26360
64759
41922
60806
56998
52997
18826
11516
32178
60676
51774
40791
56495
43324
76354
65625
24097
46898
73164
57452
12665
24987
12496
69705
26845
12843
141
44465
227
36073
24758
68314
10827
33913
16638
29650
58654
10598
73443
18609
26652
61915
25016
34471
5240
59338
50467
48876
40650
33384
3075
113
58418
42905
75684
67645
43267
29014
59949
56080
56527
24936
25404
68419
75350
41376
69374
72544
76
48049
2526
13143
28686
4955
75315
18842
41373
58481
24611
48878
59796
8451
21619
32480
51367
18233
72434
43812
40234
6104
22741
72237
43973
33622
61717
49681
18660
65996
41998
75033
3922
64239
38517
2499
5710
19597
16877
63487
52004
28331
67229
14234
20466
64642
9522
9623
5735
29846
25520
2107
64730
67003
41170
11274
48941
44339
9178
51129
2974
78502
26323
50069
41777
28012
57395
25745
67544
40188
34927
62054
62656
24068
18067
3336
43427
40676
49092
76135
57555
74709
27145
49651
72299
64904
68798
45289
28710
66766
51204
40877
12894
32340
12172
2222
21648
43947
16653
34033
893
68854
64587
19475
40091
19933
59952
21003
12002
59551
19821
40963
50691
41729
25073
56740
852
74096
8977
73075
567
40616
59053
53469
41823
59066
19327
5415
68417
9515
20769
40101
48951
40427
10708
17253
40855
49818
16207
67604
44527
75498
69303
48887
47539
40557
57205
77376
1349
16347
28011
52560
20403
32660
33514
21471
8996
64374
72922
64089
65345
56906
24510
15089
57196
947
8153
48012
10498
46521
68775
77725
75075
51244
41525
67907
57433
36673
16787
43123
70619
59545
69163
33598
61808
57108
13990
56971
51435
73779
51698
53583
37771
51385
74057
440
11615
56215
75912
72060
35281
24566
34116
66114
74922
32240
32197
50365
8589
52969
74102
40947
37759
18802
45404
33255
65980
53322
37251
64607
37219
56270
51726
32969
17182
20130
65706
8780
72664
40927
18512
41994
38584
56356
50690
73473
53599
43095
67497
10151
2301
41816
19654
73128
58147
48956
12717
4623
611
42026
67718
56167
726
35519
8633
16751
26644
26848
70556
60117
24050
4878
74707
11961
76450
64013
74836
48699
49119
11484
43361
37497
53726
29653
73873
57178
33332
57550
18273
11804
78811
74657
34893
33990
25377
40609
18050
25882
26150
67727
59303
48629
58287
5627
40767
13374
37703
74513
53347
23204
6252
78536
15030
26147
14345
72955
33460
60352
64359
75731
69516
76760
74040
8783
72505
61709
23738
19410
1785
12149
710
73975
78934
6468
18013
30243
8070
40473
22132
60147
32166
10956
72462
57739
2009
14189
8682
32487
50208
824
59446
40352
1139
27564
62427
72088
58468
40760
13279
48074
16995
46576
75010
75110
18200
19940
43085
25240
78005
28297
58731
17185
48525
72475
48915
40203
22512
40258
67779
27295
51354
37351
17328
58811
24549
50624
18038
67409
68174
21590
73342
36682
24023
18753
32188
59849
16303
17247
75184
44691
66762
24111
46178
69241
10404
33759
34961
967
57203
43217
24664
41705
16977
805
76307
192
56479
72326
3989
74240
26540
14230
27934
18825
29244
1335
25396
18036
19653
33704
22505
64706
73535
64414
52877
55104
44760
57548
9440
3979
43824
29989
72018
73286
19141
45211
60656
41454
11472
40171
59714
60193
78348
17007
41510
4784
48085
68658
36181
22024
72038
74829
72068
11805
30735
26717
46810
11774
49043
51037
49977
44865
69590
67411
71362
25582
16841
18616
66810
75173
57898
27081
67116
78475
1905
49672
1025
2298
1861
14704
35567
37
20758
16486
50466
61190
8720
15051
72312
48771
33621
49441
16268
64097
14638
24042
76831
16591
20776
67479
39280
9989
27812
73514
16206
1151
668
41439
37360
58315
72770
38826
19389
9893
26506
10088
40397
75002
9382
72379
17768
18611
50490
64479
77034
18803
8056
3581
36818
3783
8605
9336
38445
30148
21716
36089
65217
3398
65237
57605
67301
41035
77604
8556
41965
11760
16940
48009
17332
56844
1447
75016
49322
49216
11461
41334
32642
33199
33593
35269
24614
16898
67967
35558
60551
52436
25818
67627
72432
73381
75587
75793
9860
41953
1675
50056
3742
74879
3225
56000
34470
51223
75686
49884
53476
830
25336
26221
41471
42202
1784
17964
11424
66070
10762
32243
21446
3339
75276
10482
59582
2497
56446
26813
69853
48292
48674
64025
24186
57983
16549
48398
36111
74325
27778
33977
2456
65865
72190
33843
242
40374
48147
18378
46763
30427
39122
41077
16501
68586
5994
14731
1364
68203
9461
42595
8757
53284
32715
59638
2357
29383
60968
29151
53579
56724
34200
28667
10158
42074
46447
12577
56517
937
3288
56329
26329
125
6251
2421
51207
59210
75214
42927
44526
73603
35693
66630
29550
52521
50808
57612
24345
72775
35796
58037
4252
25632
2881
46849
17033
69693
41478
54098
1926
18373
28195
9413
17318
25361
46781
36443
53434
16097
26222
40903
16607
2335
64821
70310
67801
12053
58202
6866
32475
10209
37520
2205
61792
8751
9247
1621
65011
11591
52141
52582
60132
68952
32925
51791
8734
66893
56513
49388
50470
33652
26616
16991
60865
48577
17239
3214
18637
74898
16827
40611
33727
4513
45928
53031
27574
46697
54760
33466
76159
24194
40019
72486
10242
56118
12265
535
79406
331
52648
27125
19244
64075
11404
56538
3804
13532
72651
29824
33555
76627
67008
41762
40224
50510
2885
33165
68278
24725
46164
25492
32132
66492
146
58888
32716
71280
16386
74171
68903
447
13014
56497
25077
48057
64056
29628
58852
35351
3333
57268
41066
75324
409
26640
36221
58089
17427
37899
1883
28320
77408
14200
53371
41072
9781
19364
11869
6318
56631
11044
734
33057
26867
69130
19166
138
35278
49015
5940
73158
42744
32708
10205
48458
24874
41185
51341
73036
737
42571
62138
8885
2125
11065
9637
67944
1942
18307
43133
3669
68108
6378
2424
11706
42948
56257
57624
26795
20531
10941
50943
645
10605
72287
26577
74491
53
70030
50148
32662
28035
73089
67855
43735
12365
33317
10661
13119
16951
13178
18126
68806
75432
41053
42901
57626
41090
65008
35302
58627
67732
25733
8418
34163
50146
44
76436
50820
43147
37961
57731
53685
41078
41495
56132
2021
74841
1301
4407
67452
78879
18779
24119
62897
340
48114
65187
56310
52472
16359
1418
64876
1723
58368
10976
76175
52135
74391
41812
16973
10484
72310
77705
46349
45719
43454
16360
43838
45484
35676
79462
40251
56332
9198
77433
37334
33661
4448
9845
12
13580
26666
19239
29855
1887
1891
18136
16820
10594
19278
33495
16439
57559
72048
11334
74743
17500
73589
33827
29213
72415
3757
52299
41505
48614
43958
67650
9925
51175
74541
27133
8362
76969
57257
53159
36131
10577
38792
2035
24311
20588
20683
16924
74229
78540
36314
67088
61970
1901
33499
44501
33774
28790
50871
2428
56433
1062
723
50299
16583
77305
58861
14274
51467
23549
24451
3182
43928
73256
32523
52885
25976
65270
8071
13965
42169
74450
33282
37823
72670
60062
28394
16193
66129
43785
66454
1584
66396
64769
65126
32174
8342
9825
75619
75
14606
64088
32941
16680
29977
59400
67376
20494
76485
5142
11973
43892
18219
18692
64102
11079
43358
13785
66019
76195
58894
70924
37104
56889
65453
13883
78250
8469
36744
23215
42907
35760
40659
46884
25943
42371
59525
36646
56573
8777
64970
73079
560
43309
42951
35849
49792
11554
42038
10298
56276
33032
48105
52333
29280
8036
44423
32314
26822
68505
33640
59485
33459
57971
5732
10788
24990
61530
76466
19652
45598
52431
18767
21678
49183
5709
28226
12204
77248
73192
50488
9854
18823
42375
18261
12751
19160
202
32780
29178
5412
41738
1565
75911
16828
3889
1816
2415
54656
24432
629
68034
27375
1507
51669
1832
35460
42677
18664
13758
32332
49462
8419
42382
62128
53942
5729
56931
19522
58659
40921
74740
32426
21205
50186
18127
65186
52182
12579
45473
64341
8332
2460
76069
49069
42717
17919
25482
42448
1552
64735
69537
57603
50323
53112
24502
70354
26290
8926
41944
10663
10295
13841
78739
65912
35731
32720
33152
44514
47132
27942
41482
44066
74520
8454
12870
48628
25552
2535
48852
76096
26719
2786
18480
35883
18555
74273
2420
20240
1021
3025
37891
17419
29388
21867
66771
51510
77497
75551
9077
29901
10369
43940
17342
59119
26741
8127
42942
67844
18221
5524
57722
49361
74235
41675
24856
36867
32254
398
20732
74103
48219
61702
49513
48293
11434
16530
72495
17882
40916
67069
34653
65104
56298
25715
61557
19310
5499
69192
30926
1388
28201
73456
75960
43671
17358
20056
75410
12155
69552
48181
48659
43950
72605
4236
61633
37532
37863
16186
57390
48863
22399
14305
20030
72487
1787
73271
51548
33229
40978
564
64898
26116
24100
51925
4625
62559
43681
16948
18156
7118
48963
25345
33870
57288
57553
49658
74160
6094
58184
17364
11296
75932
45023
19164
10218
41314
17733
13403
75693
73554
25730
16065
24319
50845
16088
3921
21017
10214
66320
51498
65845
1358
60216
25250
65433
76954
33672
79299
45024
50165
62205
27844
49888
20497
66309
57242
8745
58159
43360
67462
12687
26028
26229
72575
49053
60589
59417
11708
18995
62323
57092
26112
57177
26501
67034
5107
21159
1635
48742
50144
73522
79279
1231
41005
25155
963
4553
77779
32295
56851
28830
2952
40850
67963
3126
48654
47101
57764
66078
5307
68490
40038
41861
52680
28635
58355
35780
51383
204
18130
36113
68186
57970
14547
53885
36940
2179
77638
10728
58019
28355
16317
76124
35550
76994
44544
170
60450
25241
66606
12039
704
9474
78957
207
4413
42911
19938
40151
57721
64919
52208
52666
20350
30288
68291
12761
76721
64377
22442
20544
27218
49705
28354
8319
42179
42652
58778
37271
7019
77712
76531
42532
45825
2393
3112
50159
16011
42010
46544
10059
59188
20806
49843
52186
10738
28241
12228
5121
16502
48919
26450
11403
2149
17434
24953
24199
16599
24721
74714
75427
62026
66346
42438
49804
40563
75885
48359
58400
9539
420
45232
40608
12805
39064
4176
43156
25837
36504
49346
9949
58432
34066
33559
72206
70019
8504
38
49923
9537
28034
59428
19370
36008
74915
42246
56684
74781
33424
8508
33280
32215
73063
32754
4172
77656
1574
62185
34411
25264
19623
9487
55145
27696
52091
26355
18587
16674
24406
58330
49088
49238
74221
74348
32593
64192
66902
32664
10367
56
10022
41662
72766
16214
34792
72275
64996
45495
43157
59026
56105
80
74519
39730
50206
43739
20510
72913
1984
1339
67214
14473
42037
42160
76673
433
43187
42123
36531
22150
53934
34061
48286
77590
44264
35066
48355
51971
33489
66877
25616
51690
8688
18371
72336
3040
35594
50227
5181
29169
862
32795
6877
347
38436
73976
73801
77553
67302
61495
64950
72919
25039
37843
17206
35976
73268
32713
25532
18641
61603
78553
19693
73913
41329
60048
18225
73004
41011
15534
45259
42719
8372
2967
57989
43970
26428
41619
62179
16005
17150
48787
13472
36788
25844
53456
41156
26363
34476
31609
10843
32567
25606
8862
76756
4259
34929
26153
27785
74361
42093
8660
57596
2176
57957
64033
1587
62567
8341
18879
69146
3908
2708
56036
52605
25848
59458
8260
4820
51285
21408
29469
70727
45656
64811
37176
19516
10553
19401
48780
10174
135
58318
19762
44028
8420
17418
1624
17820
8948
75650
77822
25788
58348
50574
51371
59632
32016
33600
66744
48741
58762
11695
65215
77116
23001
61364
1658
42615
32569
61936
49652
8473
53209
9587
25301
34078
25062
5257
64200
52096
76785
1010
27738
6059
28319
73582
26880
66668
11924
78755
17582
11549
58139
28343
50316
35298
2702
66605
65908
33871
5718
73076
165
26053
9648
33909
64151
25076
68435
41923
58893
8200
25119
50082
28746
21117
32025
4125
37492
40010
3947
58580
24028
373
17378
30220
67814
72798
8311
53206
16910
59621
48033
48733
76028
20696
69098
11575
46828
24774
37255
5216
2704
60772
73641
72529
72085
48985
75292
29124
12099
73464
44706
17724
53742
45097
62455
44261
77431
34939
35415
29912
12632
24968
35357
32888
35309
38012
57355
41378
18954
32619
70042
69227
33379
11025
61389
2703
932
13089
2547
49144
42852
43078
24318
64703
49967
28753
61180
18284
10677
35466
51088
39127
50326
40560
25951
49231
50796
12054
77073
51127
66180
65332
34947
40518
48947
15223
24896
59126
67901
13029
18781
50380
56274
76031
37198
1435
25296
13446
24815
22379
56462
26419
52575
74535
52900
40218
27881
57950
20094
3752
57707
1032
73061
50997
51522
28033
38751
65105
73287
58840
42919
1961
44349
71606
22358
40486
3755
18247
67303
19173
75181
60972
75083
49822
57028
1405
3181
74455
41754
4793
51405
24279
3807
75284
12765
57768
29544
11584
2061
66306
62838
41479
34262
43081
161
56859
67049
24531
24793
28516
73094
45338
762
984
25910
65184
17257
36011
18157
66231
57304
56967
57413
72896
78000
72281
3355
72250
27088
4240
76876
11653
74494
32653
45741
70033
27618
54514
9528
11870
70569
74342
26529
36156
53866
366
40940
17326
34665
32327
54270
54103
35280
73118
44020
21750
46018
48809
25518
73420
11467
33834
25798
70199
77385
3798
4350
64311
19795
28647
48632
21652
73377
44073
56957
62545
59349
61085
16308
18180
33769
1372
66353
42013
73938
68812
57387
16946
43556
60595
15229
2389
25797
24922
2345
795
9503
34446
24870
56988
18360
34985
62050
176
9766
2339
48965
54718
64555
58325
58059
60883
27439
9724
45280
67442
58081
42531
18500
41700
42108
51756
76887
43598
32994
38754
53524
27767
20181
58582
34297
37612
69058
40102
56481
42219
9345
57662
28348
1751
78587
56944
75359
49747
72262
25770
6256
20401
43882
41160
2275
33124
25367
42394
64226
5855
1791
36318
24678
27940
18206
33967
56082
65435
2323
8197
74499
40301
40208
58912
16862
61598
77624
57952
21356
72256
33928
64964
65145
66922
42875
10759
66617
60475
717
21429
66525
66586
65319
7745
69369
43897
46284
65600
41969
53631
19757
77777
32015
6069
70749
35707
54361
78601
52949
72592
56303
74290
49488
61540
16325
22419
33114
9940
76518
49905
26967
2794
28847
43302
49916
17589
389
1934
73001
49496
53274
17078
77
6956
26810
28468
41298
73197
11078
14618
19824
35097
56780
9644
20102
64034
57676
17034
27839
45574
3723
1155
13046
70150
70153
22226
4314
19787
50001
44787
32162
45898
24275
3418
72075
41252
11568
57357
72226
36223
27110
74231
53851
35493
23018
12641
75625
1852
1108
35522
25180
19999
57618
69135
32366
69449
44916
35356
32802
17701
74376
27683
75261
41535
26343
43721
3107
13498
16854
58055
47316
56570
49491
52508
52184
76730
74528
24525
72316
34922
44635
5385
61506
26877
48791
17713
27087
74195
33277
2039
1539
41363
21062
38076
58312
34430
27747
44032
56752
56673
41631
19363
16001
64644
69013
37564
61143
44447
17867
58090
66601
56500
68062
58974
74336
62133
6631
78369
73356
2464
45084
51500
3590
28377
32448
29904
44474
20736
36200
67536
48423
49609
25998
8053
70859
35754
65371
4463
59631
64489
64868
36552
1270
58244
5408
58268
69392
74502
48044
58945
40521
50352
9851
76408
77323
9576
54037
17390
8247
614
35384
56311
32284
27355
65369
27499
60038
24616
10627
29231
44169
59108
16216
24582
26441
51087
5702
25539
17322
48434
24821
52304
21780
40912
48353
9074
1919
49338
1073
2846
40460
73674
57009
63196
28103
11121
41187
58339
26048
28533
65396
40012
60932
18286
3746
68171
36440
24113
65232
50771
64245
78071
18694
17172
5981
1271
11880
18441
18591
54780
64342
50386
17989
50050
32224
52064
57192
45596
16987
5887
61857
960
63847
26938
64120
65093
13259
25210
1047
10097
5956
21987
18302
66414
8982
2124
16554
48691
42070
3803
64318
70506
20605
66141
26492
34459
27454
67595
56212
9904
22549
42969
77367
4609
75257
43002
59890
37632
57389
25763
11304
53239
64268
75742
67369
32636
19122
59617
24919
8190
43593
63528
56205
25373
50471
21770
65489
16836
4636
57658
42391
25392
27475
957
42048
67416
5821
12959
73386
3984
29373
21803
19758
66007
70089
69206
16016
9714
65004
11844
3318
24284
56201
37527
41261
56170
57438
42733
27392
75464
54526
73571
22775
64763
55035
33473
57488
34523
73753
32782
5613
29959
42376
52243
75669
17909
75225
24586
68830
37260
4090
62869
5213
20694
32393
20124
29088
22257
1940
74072
40474
56116
65227
1556
64133
2070
69283
56803
16835
20417
17738
49399
66247
3546
36819
13179
60631
21868
43550
64124
40394
27059
28147
32598
58452
77202
17651
66265
51703
67582
14882
33081
73168
40141
17387
62154
13621
26850
4163
24938
3104
56566
48354
41458
14930
37417
26253
2636
48977
74362
4902
60812
38091
57035
29407
13579
40231
35592
25610
57160
5344
65243
65857
319
24650
47420
68912
13380
58304
43087
13326
47826
56057
29679
22869
8281
67213
28948
32926
43251
73919
49166
76987
16066
12616
34987
56129
67570
28142
17506
26033
66928
24796
44293
35448
69333
61293
53896
17580
58682
64905
60120
64541
2847
36938
66238
8234
56629
12232
67052
65324
61684
10380
29916
51511
14449
63010
32432
11742
67960
33565
61607
64093
16364
64443
24516
57876
65681
44703
13292
64911
57534
28744
40670
66428
76724
33355
34889
49497
28410
67928
3571
27765
33118
8087
12118
36812
56107
8956
10963
42012
475
74864
68646
499
16370
18212
33573
42137
36566
3652
17706
58320
67745
43179
48705
3526
17089
42996
47115
25760
56530
64386
14307
69051
18579
51921
32984
912
2385
49468
58181
8368
73371
16018
22465
65143
41425
35626
11898
36793
1499
64987
42950
44682
64235
42887
44732
42164
27875
3899
18416
21328
60992
26588
77295
9245
9927
44452
77758
73343
18182
19581
48487
27285
77478
33361
24382
48883
16855
86
16729
51839
5777
51295
27050
14032
73278
68609
50519
25784
64564
4151
2130
58008
41442
73215
59810
8823
40329
43314
14134
72227
28925
41385
72885
26113
58975
11564
3772
68723
2403
17422
18725
16479
33808
25569
26029
33252
27981
68939
56641
12208
48638
35630
40247
78557
19042
17433
66219
41546
42221
54321
41029
28558
478
11287
58859
1513
64049
41319
22184
72001
17227
16402
64211
56840
13838
76694
66199
42746
75165
33258
6859
67792
72283
25838
20293
41893
16302
7448
26659
19355
75832
40125
34785
62728
8184
29307
8710
48624
8933
24125
8907
75639
3886
66128
9756
50231
36864
38311
51140
6772
49963
35014
24420
26709
16220
16676
58668
49071
5622
8407
73159
56039
74806
43807
18397
19506
66267
5857
9898
12249
40160
10342
11604
21835
59177
40429
61451
44117
50417
72006
18184
33425
27368
72163
40343
57857
56689
485
25543
46045
56830
48186
8287
12604
16670
12244
35507
41492
75401
52214
1451
33841
64752
32434
9710
3437
61388
37697
37036
58699
65055
9046
40801
9458
74387
51683
829
49453
50362
28811
24081
68811
43345
20434
24090
58291
3552
72831
43509
50803
70892
8406
72243
17657
50503
10154
50951
27645
17403
34751
50979
181
19532
64718
21144
3275
20167
56353
24866
37005
16343
72678
19288
3960
43080
5763
57243
56935
65393
43740
14746
40070
10447
10623
33892
27855
73964
40798
26145
8117
20270
59047
72194
2642
3543
49339
27043
24435
65012
21629
45340
8387
8899
11648
18877
41557
1373
37614
4996
25410
57483
33758
22063
9168
48387
42900
529
43458
20145
4211
11952
73586
22414
72348
48593
18849
11736
50659
25123
66415
10440
48703
43850
33449
11967
11762
26803
42056
51608
59319
60973
9885
48304
29053
24172
35248
26123
62644
6166
19545
2765
38722
19096
11744
52549
54035
13707
38735
37516
49552
35377
35925
8182
49581
71238
59151
43638
9137
72887
57164
46688
28152
472
294
24095
59350
34483
35293
521
12932
11164
74424
41207
44388
8328
43440
9399
61320
29404
74247
1742
58984
49179
49398
59984
42936
42297
56228
50544
32364
56878
51053
6824
46126
64110
20443
27948
12871
59498
24887
25980
37898
74115
23008
20288
67614
26007
3417
53384
8868
4132
60846
41291
74030
41226
5500
28561
38165
17776
42930
24365
64681
66418
13877
33132
19331
47542
78546
10166
73353
42618
41787
49798
33703
74814
43197
16536
28579
8009
60892
70240
73880
1256
50110
60458
73009
28917
52564
36134
34339
43992
21
53637
40594
2348
70050
16301
74154
14214
51181
74500
34687
48148
6182
19700
25043
16006
22296
16048
52562
26503
65431
14117
37630
46035
18905
19345
13222
1037
5400
61634
2071
25333
3551
20148
72144
26135
56395
52879
18119
74675
41466
43600
34192
69815
72878
45224
20715
46479
1700
2997
24597
42576
16745
43862
50575
27509
75137
47255
8493
12170
34966
42541
48246
64203
44098
18827
10857
12794
57751
41297
8441
65949
75577
68977
14966
18464
73751
48448
72847
41712
33863
8083
2344
13013
30904
27179
33059
52397
8509
41671
282
19217
26058
33389
33679
44675
13983
33523
26778
1696
12906
16986
27868
30748
17161
51163
53386
50071
17621
51004
70746
58801
73224
13069
58217
57794
24332
75667
50302
32698
56058
22158
79248
58197
48307
68322
67440
41503
38116
2094
22173
20088
21534
64053
69633
465
30387
3893
40207
26204
41051
3029
34874
75687
35253
12361
5428
27845
11667
56489
26322
53856
67199
36231
2011
49436
16667
25500
43596
16681
2767
58940
16226
44672
32453
49421
63490
5162
218
64619
18042
45013
25089
20983
65202
11063
3902
75322
50330
27678
19396
21802
9364
61573
56920
9177
32957
72803
20342
67013
24637
40023
25421
2742
52342
65916
9823
16013
73440
10200
62119
52390
34788
66717
64291
22763
11589
74997
76902
77953
42822
50686
51298
3167
16873
11714
41304
74576
48826
11322
50567
50518
19976
18732
49394
76740
78180
24220
67818
11096
69950
45375
57277
21866
41324
1612
35476
73477
11495
35055
24565
24062
74067
40891
75618
3413
10322
64059
33927
41330
48277
25163
1818
12358
16082
35196
60945
50967
45746
14716
64691
35366
41689
76786
52538
37433
48229
9612
38432
74270
75740
32473
52815
49232
67286
75868
72417
35719
1694
8789
73418
45852
69649
1084
3330
36308
41835
21913
17595
10258
35129
25751
5413
27269
43280
32118
50863
27429
43047
51379
65873
25986
9985
13405
56480
5856
56800
66824
10938
64389
2288
65460
3745
8242
32702
53258
19823
11662
51419
1475
11090
61556
4860
50266
75516
36612
8716
72543
8675
61330
75999
32145
37467
28063
41449
72908
5800
8924
50257
36303
19466
58938
11387
45782
30783
42784
50547
50639
8032
36596
18610
34009
44215
32024
72506
26302
66217
69407
65482
72816
24168
8850
16247
60563
75531
12947
25279
74319
76412
70914
68629
10809
77092
22902
55778
53242
73142
56640
59622
17563
50147
72568
64024
74755
56616
29876
36523
54056
64920
2476
2593
26790
69954
72741
58497
49620
27685
19651
74436
75248
72016
41134
18984
6912
61403
28240
30473
4717
46852
65565
38406
43847
24110
66118
41472
32714
49522
27005
30978
10288
64254
67354
72772
49777
522
72191
69196
53703
52195
8845
57933
68908
37450
62662
65086
30252
25080
56758
50270
26465
8818
8310
50500
34209
49036
61878
33575
28234
14094
72602
63005
34352
43529
52134
74571
10942
51055
29488
1326
56994
4156
17298
45277
33023
50795
73625
33044
1246
17675
5049
40920
64067
22624
60590
74020
13173
16400
64298
48340
74596
74882
32629
33543
479
53396
9614
44454
56867
67644
32096
44874
16927
4497
32152
64819
25739
3240
56294
40276
48851
48929
24128
38128
59007
1575
34254
8577
66002
57815
68188
57639
51320
50019
57033
42465
36441
22805
3508
41168
2178
28606
61283
17340
64575
76927
23836
66198
17521
1776
62148
42144
41618
72598
35811
58297
51567
3673
58554
73817
37303
66948
32843
58240
7490
28347
44530
43878
32
68389
65317
64969
17192
64851
8231
59989
68553
1210
24547
50906
4905
5001
65728
11895
7491
61718
63195
41614
64543
58520
70620
36199
692
48739
72785
49927
16256
20237
72528
56044
50108
18817
73876
48797
699
13132
60978
64959
65081
44046
25268
74604
23384
32668
52432
24818
10907
65786
16640
25092
44404
22737
52356
72010
1306
44217
61906
74804
68897
17292
18335
59924
26837
53230
43536
50052
45451
57006
53199
8227
28096
2649
22662
29815
75723
46615
34753
27332
61941
56704
58405
70194
5420
71117
26102
6599
72573
52386
24231
19543
18704
59826
9230
61501
65251
25007
59401
26085
29810
6015
31224
19529
65197
48998
29446
56789
18334
66243
1766
60552
38061
9535
42097
74645
22991
49272
25468
61771
36660
54343
51529
25701
64303
9250
50303
74866
13918
73670
5871
31426
11970
4436
73838
72548
76761
11910
61080
51775
41186
27442
51192
42316
45646
16843
42252
12727
13713
6708
56657
76504
22191
5835
34368
42871
66924
57249
8719
18458
75183
41212
24622
4279
65056
74245
64658
42165
9460
50390
24217
11198
28543
4479
58035
45486
58003
48526
52468
32775
57777
59752
55087
69101
32399
49655
79192
21903
35764
35956
44697
10609
62586
50836
29760
66290
27341
56030
51007
6075
15678
68238
1086
21744
68964
20486
73289
45445
9936
56545
27910
24996
26528
45086
33551
38729
49578
64977
17003
54096
51345
72656
73167
12882
48244
42374
64051
17974
8295
38197
10590
17798
35359
52654
41231
57511
57149
6467
22878
33458
48698
5302
52133
56477
68275
9252
73922
42464
53555
64493
15025
14637
43139
9660
2086
16613
9395
58967
22408
73892
30907
24421
16492
72254
69810
26416
64918
66298
1733
38687
10383
25706
22660
17815
23806
11195
13753
42228
6758
44754
5667
76908
66531
40925
32976
72902
8151
75121
33639
74106
46520
41992
19099
61385
37848
56587
33189
57094
64702
13441
73396
25861
61630
8465
32002
1510
66179
9794
1780
64620
64894
30574
54115
19784
56890
56504
68789
71315
16425
16525
24750
32149
19632
37539
70054
70268
35681
40929
20009
26642
33278
39914
25010
41960
13011
49258
34284
61241
73587
66110
56476
52032
56314
29620
61247
62091
49750
56022
57097
16668
78018
1225
73661
71089
16416
42324
4483
2083
43718
52628
72066
1273
65882
27970
2871
41344
73755
40103
19781
20138
64289
22654
25193
19589
65818
75875
1001
58278
38322
45680
48736
4042
37619
27846
1915
4189
57208
64687
63192
27786
17014
44650
40326
44040
76376
1400
44721
19619
10244
21829
65516
48029
68402
68607
52482
4391
75102
36253
50014
34888
27644
35975
36976
64431
77357
72278
42672
64121
5092
44399
44039
26370
54345
25388
5762
21288
51893
58201
53705
76041
69933
37320
66513
4672
10776
42702
58960
14475
357
12181
1131
19307
45153
36454
12889
756
76366
24695
51707
19941
35462
5741
26585
32438
16469
67188
49648
69126
9916
49778
68136
26383
67486
24316
16683
9334
50495
77947
6962
41076
4635
9027
77356
49745
24202
73407
37525
9674
11107
33149
16292
16192
37779
71170
59629
68212
69523
2468
65910
12891
9780
24878
48474
62372
27996
62019
13895
40137
5824
10679
67504
2088
45465
76541
65259
65504
34688
19260
65723
73493
33624
25946
24211
1704
3352
48210
49935
74380
38705
8970
90
27307
69149
812
8223
12580
52599
59749
16904
8610
24534
72848
18408
58650
73427
2286
43935
61272
77210
36040
52107
18086
9767
32256
35865
73598
24696
74070
34207
41021
59131
28702
24064
35670
57943
39071
213
679
66548
50484
43537
1411
7246
41158
6179
52155
53187
78456
17911
67186
41586
76668
74614
8475
40889
18870
65117
46446
72769
38743
79143
2282
51364
26811
33078
57172
42885
67824
25199
36600
8240
10345
33002
18250
33601
59836
24669
1079
49025
17504
24670
17960
75271
43446
59036
62645
51929
34151
26283
21741
59821
75850
16615
919
71
43856
69055
35385
12979
24740
73951
25875
20405
60306
41578
17141
58780
32313
27515
33958
19996
58084
20881
73155
73177
930
56130
50072
28275
49499
10542
13805
60023
40796
28680
34424
4417
19698
64503
8283
2104
8136
5094
781
1012
75095
29089
53789
16648
49725
28058
26852
33362
33333
49811
62215
26036
53311
25938
41685
62096
790
64462
32909
29755
72615
13955
70085
25890
10968
14916
67736
8299
6103
65968
70209
29353
32861
35575
57315
217
60422
28530
24154
21970
19309
3900
51638
75825
43206
46318
50620
23358
41476
2204
45161
24754
73531
25744
50298
6070
77414
77914
37371
27461
30218
57289
24743
25945
40617
52392
54930
49688
3888
22060
2058
30372
76035
48906
48910
24298
17334
67293
48953
49591
45506
52401
33684
48206
50425
2318
10220
24182
6659
44127
31004
76364
2408
2018
45811
12878
10495
24044
16685
5792
41080
18561
3744
41669
78148
43259
41755
8501
38297
76930
2761
77426
32048
42256
2841
4919
57361
54182
8376
72130
44455
10492
56493
73849
65869
59853
76383
41362
65466
61538
49572
28181
36794
77361
61047
42554
2554
24333
19714
12471
110
34511
5845
62748
9731
41211
8101
42803
24165
51041
2646
24844
13836
34498
17392
58186
60760
19527
66302
64248
6474
5210
64572
4006
64162
5662
58690
54949
1307
33223
25135
77025
58999
40400
34161
60502
49611
1027
70236
11137
74225
77413
66680
4471
57457
21029
44486
2701
56147
3358
1319
67485
10511
57692
34846
42868
54545
20306
67410
73204
68349
65294
3540
36452
64269
6017
19366
41014
57000
25478
56783
52631
34030
16101
27562
9967
2688
9787
25802
27885
66816
75249
32612
52074
342
11867
56436
41706
57201
63037
2717
10016
66432
11595
48766
56465
1625
44850
69565
43714
35178
34152
35816
56819
2919
16199
54255
40667
49666
34771
51947
18517
18550
68819
13890
27162
14000
51399
46059
64115
76529
40222
25900
59337
78387
549
11191
18640
49114
75380
22880
942
1106
24944
555
3489
67483
11271
11846
73537
17712
72810
816
8478
1514
75549
32908
17290
16632
29260
38916
201
36099
844
58574
16089
17638
49345
9314
24474
67581
10340
6264
67880
42415
77029
48111
20326
56284
49719
22529
660
70692
40527
72756
34308
8883
51721
73025
9234
25200
16547
25519
12203
9235
43430
77543
37506
17739
61132
744
26452
2507
43106
66251
33539
64986
44812
32833
40556
66189
52159
24810
9789
13106
32771
38079
26056
40953
917
37181
29882
64370
48129
78195
68145
50648
18090
56956
52420
74093
27485
71072
27070
30343
75965
53157
65041
54792
27370
3953
14249
44948
8557
56666
74262
52451
51183
44477
17240
9834
51805
275
42755
26689
48020
74467
28976
59035
18541
1547
874
10211
74251
18590
61946
25131
65496
1467
33415
17664
3536
64956
2600
16635
42588
51975
48480
1669
13814
500
35579
16044
73022
15346
35050
74739
21130
17271
58949
17609
51310
76265
50413
471
34517
48358
53016
67772
34148
57013
27930
59534
77084
52149
20554
16768
26107
66246
24269
27282
72096
52796
26598
59780
56207
53838
66044
78681
24606
56365
68636
17847
43722
18345
1708
55161
34135
4273
17428
18211
12270
43907
61274
50653
61913
20978
49410
62496
39203
2388
73682
50528
65970
26424
22374
65884
48592
24327
32417
40799
66595
29096
70227
77418
68262
25779
61533
32476
27095
41701
45319
67024
72077
33171
69324
16604
51957
50532
16332
73816
57885
24410
10319
8315
44198
21949
64715
13457
827
51688
38095
67364
10156
59840
22198
28345
20433
69056
13630
34099
2666
32739
75403
62893
48675
17611
64198
60983
64207
56005
64908
32164
5573
1794
9085
53247
1133
73672
40517
2452
47025
24001
1904
34302
34055
67221
1158
38906
51473
24185
76767
32690
43236
40497
68832
74451
43968
47053
150
25011
45504
48470
76821
34031
74126
67958
68642
40090
29413
27035
40094
13122
41418
2638
42193
58173
3090
69380
11051
16435
64204
46420
37702
49011
61517
42849
26260
56230
52697
56682
24977
8483
64556
35254
56337
49057
72065
2879
215
65838
11066
5432
60980
48669
56412
495
17158
58876
58111
1018
11468
52324
61307
21945
35888
62066
58992
24712
59022
24728
10772
57919
75503
30153
24357
32685
75163
76321
35709
27573
64803
26841
72414
61816
59436
16658
621
33897
12375
77660
32354
4191
16002
67113
61793
16410
71611
9759
72617
73994
25628
1651
27834
19323
5147
74055
68070
21507
49543
10743
41690
24002
57990
65999
19398
34289
38293
73058
32163
57592
16493
618
18472
58401
5041
9190
26917
11283
72133
2510
2492
28801
41256
64766
10801
78779
32176
953
25369
42829
68440
17836
75308
129
60148
25989
13373
36530
23717
10142
66875
74244
70523
59613
49961
50205
24460
10684
65432
22142
42227
6684
60032
6019
10048
73948
72433
29317
14155
59554
49413
58032
46670
75523
3582
19005
1452
66800
40742
4646
42043
18418
16123
24507
27639
40691
64801
16909
11548
27271
9361
76278
40984
28767
69398
18063
19257
37768
22513
27268
66299
8770
37571
11491
66297
25832
20755
11533
32911
35213
72747
6265
11725
56874
32658
43200
34451
27675
51340
33836
56585
57845
17272
25366
11953
19185
65252
72757
10105
35646
5496
35238
59540
24455
15564
60778
73506
2458
75101
65288
58293
28069
19304
35815
24150
23051
24832
10799
49259
4159
7184
25203
54417
46789
3447
42727
48008
305
51759
30604
3027
35043
3623
65524
41736
35327
28573
54164
401
8257
296
13654
53999
75274
24680
24806
18010
9400
35081
73759
17015
8717
65616
3386
75983
77363
78098
2076
31127
70797
35093
51206
48376
75673
44283
46840
35694
56203
64398
74712
18375
3531
64946
58842
25253
65178
66318
5631
57598
13484
75001
33401
33840
14800
70105
79522
72968
13284
64661
36722
24954
3932
1029
32546
56647
67777
4818
1682
50416
36833
55354
64325
64078
59114
49643
50536
31480
16470
17384
22412
64073
50395
48320
2362
8622
27762
19812
40266
78353
44619
10506
11890
76026
70168
36703
5937
11076
58791
65253
33668
39242
21190
19608
73771
4455
76611
40280
41065
73540
18278
20841
20573
6696
59392
42453
39903
26089
66356
33028
74148
5120
17832
32266
62969
26285
34298
10281
36449
52022
13328
40960
4182
59571
76575
183
1200
43214
34931
1558
74025
40430
5818
1104
10846
59209
69334
1668
18631
13327
48811
5743
65697
32763
1461
27331
19840
6443
25102
77974
74925
17169
41423
64453
26562
34848
28080
58353
11650
32722
74923
21575
61555
1217
48814
61058
42982
40829
18325
21703
17600
69420
40545
49220
55472
52077
27817
40505
29492
2530
24370
73088
49993
30178
16298
18907
33867
61290
16218
37494
76940
68333
65229
49769
70401
65842
65068
27178
22977
33857
48936
1268
43720
8102
17525
18503
26710
62381
73756
9106
33975
60327
61750
14207
9467
77308
48431
3390
8522
24322
18276
44307
21692
2386
66674
22946
56503
29922
60984
3189
17810
8706
3315
41636
10381
1286
8131
50136
34111
58127
32190
50561
60921
43124
49474
70724
53098
26816
3640
44316
25300
9194
8584
1260
42579
19106
33457
4378
5293
25934
9581
19250
44942
21705
25845
37598
41292
2924
27204
1209
52280
28245
3782
43584
28114
20611
57680
61060
5767
36966
50197
51637
24290
73006
31424
48225
18140
66245
65398
32470
3000
49154
43492
9239
65139
76080
44555
40835
64262
10530
46639
2551
48116
2725
8206
75244
19020
41321
65945
56027
43574
1636
19924
24091
52030
65461
27732
44412
41983
56287
67692
859
51311
63365
3859
9232
1392
36942
5846
51103
28013
58743
51214
44119
2392
35645
35649
44928
50040
19604
40812
72940
18722
57657
66678
25738
72540
45828
72274
60626
42660
33301
48464
65380
57228
10667
8590
46016
66569
19486
51097
11772
78437
64023
3061
74515
28208
19910
75605
44801
48117
10820
17637
24498
74871
73654
8721
33284
43079
1433
60809
36350
25399
3537
22976
56055
26966
74459
33901
29011
11638
5263
58819
10382
41904
11901
56441
48499
5972
67092
30279
29232
44769
66803
65356
44833
26308
45510
60635
50397
20182
2796
57472
17350
12264
56525
45631
362
20387
20693
11538
74480
2971
1959
27873
21321
56071
67077
33038
36144
52915
60880
73160
52231
0
19087
40453
37491
58823
30723
101
66405
33702
59082
34112
47019
25002
27208
35478
5802
77425
26303
35430
40271
75561
65260
8041
36150
16945
6377
13126
57855
66773
69290
34296
32228
1120
17642
49556
67615
10297
12157
45693
8138
36080
34146
4165
30770
72360
44437
1945
49418
65833
3227
42194
428
44191
8065
38431
45329
73485
35971
51147
43030
74828
64084
11746
25228
52571
18582
18457
21107
45095
1474
19621
65878
42124
19358
10123
66008
16319
19015
74921
68100
329
9803
75426
50387
69029
65823
64038
36327
57036
65714
67449
4509
25313
16437
3868
1755
77751
32146
41465
54576
51176
74927
21037
12773
41936
12124
42328
43652
48069
56897
50226
46555
32011
58381
37922
59741
59739
76475
1680
59716
74852
27257
12575
35761
2583
53265
19338
16874
40803
1792
41988
17210
8058
66295
57817
53310
36853
18544
64394
11709
23129
13077
75675
18649
64677
56550
58392
28657
19357
25181
18669
11426
17656
34362
33359
35850
1690
13726
624
25603
73653
71084
64914
75204
44543
64736
8118
56633
40841
42066
65775
16178
3433
53437
73446
40244
19949
72479
59072
12941
6258
41640
48055
24690
65301
72581
9344
25271
16202
35949
68014
17191
54071
75171
74394
74540
15141
18558
11641
6407
42947
49003
41750
8728
24608
66514
13846
64385
36414
65541
56924
20654
54280
27626
25805
3916
59010
19445
16481
66511
41915
49221
34795
51573
65149
45356
58039
4908
67109
49225
24328
16037
16331
43603
1516
72781
28057
67830
42516
37631
9205
2045
72463
32391
9158
1314
19894
69205
10581
6322
72282
24021
49103
63609
75123
51418
30346
60855
8048
48618
27847
1280
5673
48761
8888
1632
74333
40999
52127
33033
3034
58687
59075
2617
17131
11134
24056
70311
56598
60106
20307
43833
415
34098
56210
221
56873
1566
2200
38279
3303
34636
56885
24583
57505
10184
75278
34004
32450
52061
27365
655
72003
63442
73166
42928
44866
20469
35387
46106
4613
25248
32750
29766
9121
30102
25819
1409
36050
32087
25220
33916
68945
59015
24456
60242
27746
26887
24413
2592
10693
48115
26531
3188
64169
12956
67640
25960
68385
28593
7249
4410
11408
56191
32646
38107
35593
74665
58072
34595
44277
73557
3841
34631
35461
28423
61714
66467
40180
4342
25461
56171
19861
34883
16228
35525
18062
42605
60732
1523
24483
39320
31671
14837
56953
48679
8125
20254
2062
59091
31197
18022
56611
42918
33228
1736
12992
2589
24137
51704
74594
72762
71798
53329
899
22224
42647
57757
41367
65750
58513
666
58691
73889
28534
32262
8786
17119
77658
49836
72854
59697
59239
56236
61259
49616
23171
17243
77582
43523
4344
803
5071
64367
67667
74083
8114
34117
19377
33530
49758
48325
48194
59980
32893
18188
60734
61650
35056
29206
18085
70053
1167
11081
25074
52284
34467
68673
33620
51422
73111
40169
45396
18370
1165
9541
4288
64407
3815
11229
397
34186
26989
18133
74294
18563
78645
590
77581
46144
72629
78434
4496
72118
12931
50910
57797
48040
750
2770
72271
35799
69289
32035
32894
72491
9092
293
66781
41927
35037
4014
25095
74627
73497
40892
41644
25659
43709
37103
70343
4663
5386
17052
35149
74134
16087
40823
50962
24304
17922
6047
35618
34912
35858
62910
66834
46088
58099
96
48673
57015
11835
48701
3080
34916
35006
16759
10196
75054
4731
56378
57217
24550
16713
65444
20730
36262
57786
23137
49277
42032
56268
38025
48014
9360
57696
49876
30666
16753
9091
24867
57321
56159
40797
67691
67529
64698
24282
40416
45875
45554
11358
42383
56858
29044
50339
30802
20402
69691
75854
58249
48459
43141
17659
16657
42528
66424
75944
56135
16465
65233
8254
16802
64068
74492
5132
29506
33792
19274
67299
1458
17
12406
19946
20114
24257
19120
49479
3530
21355
69190
12481
73516
25357
41175
8331
2544
57394
58621
49367
69973
14215
68388
3007
37550
14121
8816
75758
32928
24585
74570
42417
37387
11226
42122
46263
27711
47430
66663
27866
52500
8882
57054
53605
3661
46155
64806
53063
59266
983
33988
17572
45743
79778
12416
33691
20984
35612
24076
16707
25842
42310
42061
25971
13276
4263
1402
70657
41446
45718
1107
28005
65885
76771
40098
3197
35615
21728
58153
21877
41262
50025
78978
37177
42696
714
27090
64433
59251
52937
25508
33037
25243
72460
15242
810
64344
56707
43029
59106
16263
15374
59181
72435
16571
64307
9374
27316
49353
56410
59795
52624
77392
62670
43050
16626
59041
3864
12017
23022
12144
68570
49129
11623
3290
78985
44159
24442
40753
27631
33898
50555
60791
26543
56562
50766
69541
955
477
72220
33723
33015
64581
17846
64167
51109
25992
2410
35993
46027
77146
41030
47213
40544
22203
26148
8934
26272
1035
18483
69322
14128
50489
52908
64873
3347
25972
32285
1063
4009
43109
19981
64316
22005
44783
21722
46152
18430
50543
67215
70198
54306
51423
39598
10212
18927
19004
16326
57396
16949
10947
52844
13054
41114
10889
760
33936
58106
68717
25339
2968
76624
19000
75917
53958
54663
48635
50093
24738
36532
64366
8877
10567
32465
69619
35020
3105
12292
56917
45399
1324
46240
19950
50211
76591
67334
95
19183
77042
13066
46281
58816
57241
74226
2622
72036
73258
4652
44573
1421
34633
69313
79084
17844
17005
19685
40680
58918
48104
5740
25576
70163
9686
72743
4331
44905
13674
9387
26969
9481
16444
32743
42053
26630
48546
66775
31263
48369
33966
25458
42180
45464
17978
59855
33918
27296
32547
48327
3321
24309
28949
18391
64405
10376
64231
42981
10335
36721
19209
9057
9615
53060
33603
27091
53397
28110
48443
50120
32075
29175
9841
68594
57336
65738
77093
33682
9
48718
37972
2980
58216
71499
5560
25997
61255
16163
24336
57398
20451
68375
17961
18688
14303
20243
19777
56887
42239
16063
24170
43999
15021
17307
19365
31723
72381
21890
37439
48390
17218
16650
78478
1602
48921
24501
57494
48406
29827
72468
41733
64595
12780
16689
52720
3934
10044
50485
50853
40944
50723
67842
5608
45431
57689
28749
6030
33294
40138
32257
74006
74232
48227
17647
34953
28687
9868
72430
57173
33353
58071
43541
56179
4214
383
74582
18328
32217
40073
56421
39170
28315
51728
29509
26767
20153
41001
50300
73101
13000
70806
76315
27549
52655
2732
1604
33242
65468
76503
42356
51543
35001
9649
35072
28323
68499
73233
5454
12703
43134
49265
8629
48973
76112
49206
65062
1465
34757
56614
5103
73986
32581
69197
8028
1330
76115
57873
24880
64322
28649
74691
13902
34986
69233
27377
29204
8173
2875
76978
64583
58328
72214
35208
77254
34768
34876
61596
19962
67254
25834
7053
27614
52715
24320
16833
30174
60879
43643
33260
8560
8788
24803
58060
16290
76410
32242
43933
3252
17176
50192
73939
42282
34909
10352
20613
60077
68465
57272
76706
79369
26198
41768
4109
11087
48212
52015
58518
58272
7192
17256
16566
43273
32582
51134
52433
53888
33007
25816
67464
70510
9478
28027
44042
67848
70073
9729
1424
56271
58568
59363
20052
76044
69622
24864
18656
32665
314
59679
65969
33812
77728
5248
42248
48472
40122
9341
43789
32595
30225
4726
53957
49797
72196
39338
37597
27622
50073
57378
67618
27253
72454
63377
24138
35234
41630
17043
28165
19997
60348
69043
462
32410
32029
60573
17822
3674
24828
66529
29680
40135
40811
59278
32726
52532
48562
36121
28270
18437
64689
19877
59201
8226
9976
64372
14926
77399
67407
35194
58463
73569
52719
64321
27327
49397
49034
25860
8100
41388
43677
16731
72079
40029
32811
42761
65821
27586
49960
9542
51890
28485
10831
40694
6090
56032
50345
69507
26097
58490
46007
53721
14072
22545
11962
49879
64481
58485
59279
59419
50580
34911
11314
1384
67454
72704
48869
42027
20594
66855
26505
69893
8298
6575
1188
11432
26251
66920
41579
42938
13194
32837
24630
74259
26100
58273
55584
77649
27037
67869
40959
1970
28187
41720
58917
73501
44793
54705
38468
35758
66236
41275
65423
25476
73071
57536
32358
24615
52776
67009
30963
27608
57016
18237
17895
35631
61016
41141
64663
53660
59366
41450
48011
10610
25895
54624
65451
43017
58169
55387
58800
27993
1477
60585
50885
23034
66278
3805
51858
21056
51828
56816
62831
70347
34239
10133
280
77710
41122
57849
27823
9810
70160
9943
32421
42857
2736
40656
52160
273
59115
2136
54734
9549
48734
24910
33943
24984
24250
73267
60419
16673
72443
32952
66887
277
48397
28217
13746
49494
21418
10619
43042
28416
24300
42640
1551
50124
69335
18570
19353
66488
67103
10729
65307
10496
11512
33043
42232
6
34398
10953
41246
48893
17857
78399
48823
42683
41266
77150
3218
2384
41174
34882
58178
58524
54348
45737
41045
4047
77003
20579
35313
8171
40491
36433
41530
57287
24035
11795
44828
41780
29023
72108
73474
2795
1041
10277
74274
11411
2816
33889
66885
69802
76597
25083
59173
58672
3608
16054
13006
13673
27991
44282
33689
59811
35775
414
77022
3477
56569
51760
73703
21353
17793
74409
1798
8609
53349
66761
75959
813
10547
45799
65245
69230
30398
32767
65739
36045
297
107
27965
16371
53359
9540
72884
8431
38036
20880
2610
32707
65427
50336
59696
48416
50074
17460
36675
45058
43784
52394
8487
75124
12350
36053
51034
16984
77674
51052
18571
51073
68156
9646
18683
12433
42076
57625
60495
21002
9798
49752
74913
77177
1907
40079
3570
11435
67239
8040
18
60129
32830
6428
67973
26623
9373
20455
11547
66941
77059
56607
56040
30948
75012
17774
74123
25516
6703
60700
18428
17920
10134
64172
12238
50131
72845
2831
34836
46237
61787
26082
49873
5799
32579
26913
32383
19913
66471
2423
59088
56392
66086
2945
14436
9270
12241
6625
2194
66107
1170
32845
6325
72164
24398
20972
76264
52191
44957
8884
19829
64320
67098
18545
48765
40782
12672
72578
42865
46118
65337
35297
50027
7228
51456
24237
72374
38752
34650
25435
6733
61002
56175
27822
17260
65049
54274
11154
13068
74000
43808
9011
70062
16573
2057
24321
27720
20893
11397
76644
49565
36465
36597
52268
73157
73015
72084
41331
35397
59577
16627
18108
40420
37200
48788
16222
17353
330
73692
65544
9708
32540
60875
17069
35325
60317
49151
5157
69317
42266
12154
35723
1279
76806
8878
58005
51248
729
73825
37016
42739
68095
21269
50607
35463
9060
17088
15274
72094
76285
8069
56090
43496
16373
1481
56720
33608
67377
72213
11241
46889
66632
48424
3468
45955
59580
26339
36723
16585
57520
37146
61604
2314
17756
67155
12442
32036
998
29431
65590
68507
48249
75927
11730
40520
17699
59547
42459
33911
72169
60097
78583
35636
45094
18739
32980
32046
65753
56213
59992
39060
7361
38530
25178
17006
48959
66210
64057
49485
65141
12506
27409
46198
69418
24063
33324
3951
74468
42566
24140
27984
25898
75697
11001
4724
11776
16815
24920
44137
73862
3115
75370
470
35226
61458
12255
64177
41144
28260
37589
66374
17094
34489
53561
65798
73096
61487
36893
60659
56355
68
68053
72552
64107
56775
36346
3771
23475
26219
48301
53201
32935
33220
19891
40
20632
612
64460
65296
698
8911
58361
44711
67447
3616
58978
57941
19569
67262
14186
72889
76152
75888
405
18170
1239
493
5097
48567
19334
60261
74579
33929
59487
26888
66022
75945
52696
48543
26248
26093
1254
46515
24543
57403
73878
34007
42496
41598
31078
56259
13247
36389
58040
2836
48264
57039
43148
41743
58635
40375
7197
35792
43959
32186
6208
48388
24939
34809
19748
21045
33309
1840
12169
35330
51274
68320
29374
70485
643
66555
17560
64512
10800
26430
18432
12236
6000
24472
75678
57071
64339
328
45918
69704
41570
15129
50807
12498
3722
8870
3172
76526
75811
18319
33158
34249
44084
56605
41829
72119
58919
56575
35458
32056
65448
57325
4393
64208
35827
25769
30117
69635
56001
41375
5191
24071
41484
74716
22266
13334
41585
56348
52375
9693
26228
17063
33340
64437
9342
73527
29500
77212
804
980
11427
14355
8043
44993
27224
59332
11225
64679
38606
61456
17122
66767
46891
3823
52307
19086
65493
19194
13118
28372
1091
57133
26971
17626
67699
65455
17497
41710
33805
33133
8461
21300
12929
9296
67174
48121
32631
25916
18185
40361
42276
65
51302
20449
48676
19067
75406
35137
75505
48720
57401
16392
16025
17062
56828
40140
42610
68951
50818
75847
44054
18648
12206
19983
1813
34755
3256
27238
32416
45197
44976
44383
19318
691
52174
57050
35782
26039
64628
9120
19734
78689
6745
59789
24212
64297
3595
57239
3269
49812
65509
25343
73231
66934
4005
4886
18411
51627
41369
75154
18354
9817
59462
19830
41531
26818
11643
40396
16884
6477
14889
40081
24857
42153
27960
32073
30840
57081
19460
67331
35506
28631
8762
9575
28969
65050
69951
4950
32082
4612
24494
78505
1802
11572
57715
42538
32596
8482
12553
77246
34348
21276
72900
2524
3165
74881
22554
62037
62236
13744
35010
3793
64507
44730
16581
41127
61783
10138
12873
18661
48870
77847
57229
75519
29295
72276
49957
57965
77417
8861
57864
25811
50449
40321
64796
46449
41103
18189
57161
40961
16531
33597
52001
65166
2594
66058
11502
34861
68157
23349
58390
18008
76640
16182
50441
25540
45565
72735
37772
48969
51193
17187
74447
26136
4521
20042
22752
41438
31607
10300
48759
42296
58573
10206
60185
22765
1315
18667
65358
1415
14919
19360
16457
67983
7856
976
49940
6117
21068
56244
261
28302
36806
4126
54310
19649
20064
24022
67011
32933
32799
33012
16503
22451
23615
3983
65048
10168
28886
15028
59410
33134
45020
68064
19405
1894
59544
32989
7320
41887
52253
54048
4787
34299
65922
370
18227
40859
45276
66864
48036
49619
26646
11471
24660
49906
634
18613
49344
1121
60674
58403
5765
49402
72680
5218
77125
40740
54437
18094
40628
48650
75590
9380
40046
8137
56750
73277
18595
62828
34431
64599
61470
25436
64717
54203
21439
57474
57490
41154
1627
33390
73426
62023
33058
34380
50195
3195
59731
24820
36322
5391
57503
56594
67309
52928
76543
10873
14427
56722
39079
61076
24776
65667
9301
76621
72309
51377
66973
22510
18642
49233
76996
26109
25918
67498
48375
74789
73623
51936
17623
75566
32047
56288
51696
3762
17145
20165
16496
25727
20965
1992
59750
56327
2269
18696
54442
14635
59468
56002
67180
72174
76184
65676
2262
48896
44051
23141
18554
51458
48274
16911
11257
10782
58133
60141
51243
30063
1845
26223
16634
5402
17344
56383
18229
5331
13048
73174
77821
69849
40372
28587
22122
16671
77799
9688
4309
46510
47282
74935
74378
36061
56019
21094
2342
56765
37958
79059
33107
72600
2248
52897
189
61182
16430
5473
16413
9939
24396
24495
56644
48273
25883
16265
64319
67166
10035
51149
70999
13622
13798
40390
43067
26524
68565
73235
53391
36743
48853
42320
40998
25325
46559
41177
37749
53574
32019
51920
41753
49401
4780
59414
72588
70489
12135
57090
11698
73763
74745
50586
1224
34375
8408
34156
36305
41842
28295
75715
67408
40596
44892
16901
29277
49
45883
25260
32273
5652
59341
34827
17685
68484
9529
25835
19001
27051
12449
42714
4210
69201
24782
27513
8428
8835
12569
14938
48051
59004
19431
9689
56328
46993
33920
35903
57184
33744
26539
56368
24352
13023
57659
33145
75852
12592
9283
72076
40113
17490
65030
17741
64917
24651
26172
1760
65879
33420
59724
16550
56331
770
64174
66527
8300
73187
78076
66536
5389
35689
87
35947
41200
69677
2803
3659
38831
53734
6227
70503
24691
2631
79010
65115
72786
8746
8952
19591
11541
66743
65407
66325
76367
58459
41622
36289
26688
33785
48983
73799
1920
43711
13148
8005
40507
11327
36097
32062
26449
34050
72632
78229
77875
57230
73199
5864
12598
77067
52803
60768
8844
66409
59354
8544
34609
61918
50912
24888
58279
64860
2069
41979
17325
8485
608
30663
48335
16118
36645
72351
77039
64590
50745
42035
61815
4284
1417
66576
8456
22712
16161
4020
994
13241
8701
56755
43432
19571
2525
26234
41111
7216
63456
73186
9156
3193
34359
4835
71206
56056
57110
70262
72518
26693
77962
26263
8597
3814
35616
72658
27554
78032
17072
66770
25850
8604
18875
33172
53128
41914
44064
26639
58298
13940
35373
69732
43013
542
57435
50958
66957
25577
11944
22565
68583
28040
77745
38257
26720
51545
4986
4
24518
3253
76040
37337
16774
9315
4642
27046
17147
48076
9681
9948
30501
9934
76589
58206
57174
18111
41684
22497
40068
72353
76374
1659
19333
38723
32344
43260
33321
56638
25913
27207
10073
48138
56488
70106
76477
56127
821
43403
40539
45475
12345
13599
43093
56196
76985
57294
2022
64337
839
29621
25815
75107
40952
60702
61657
44999
17707
73298
42670
1922
35714
53189
19841
76794
6491
22187
48548
51706
44901
27112
76434
58632
76530
44449
43168
34851
11977
18878
40159
33619
11060
41110
3245
10886
59470
25338
8026
13340
72442
19419
72992
19085
25891
78150
12993
34137
42807
21167
74463
50076
37191
22139
38167
60525
48493
97
51480
53564
27500
77833
41550
1859
37162
45595
35160
72044
2256
67227
18639
16649
40872
56544
18293
49411
40100
6968
28728
32903
60824
19050
70424
29741
2909
17038
40118
11619
32172
17780
40202
50462
38058
15310
27254
50713
18047
18295
35320
18159
72407
10110
53922
50263
39197
34989
36753
68029
52068
19843
62097
19414
65902
45051
66731
49078
49123
74972
33366
33475
52598
9691
77982
14835
43504
2119
43604
19162
52038
27026
41257
24629
3862
57439
8484
72814
40469
44209
69580
60101
4978
35474
49090
26645
13050
49047
51278
546
49964
72841
12570
4949
37807
2657
37721
49660
60689
34800
67320
1661
8903
21292
25697
71082
52739
76394
21958
74305
1981
51366
72313
68859
24486
8088
41409
32995
14320
19995
48412
26401
36515
55358
19158
19625
36255
33510
33421
869
5747
1222
12776
66909
42130
34102
33715
34167
66326
75043
41155
33430
41811
59607
10803
60391
17512
74407
8998
71102
8836
34622
12412
43659
445
53271
74932
73667
48385
24599
14414
76868
51184
32772
62409
25565
17784
49267
57779
50493
67222
12250
171
70384
2752
18043
2449
22665
58863
12196
45999
68360
37081
18098
44362
65039
47026
32361
4969
2934
29021
50013
24710
41480
44360
75418
24863
67713
34610
76291
2350
41778
41501
38183
64293
9256
56151
35679
66183
73946
2343
58564
70374
44115
29837
10313
44375
16232
8015
12293
57059
31498
17803
64600
11791
53246
30380
59705
12383
60535
10731
25557
43795
32214
42313
24446
66960
51486
50255
10157
65148
52196
34421
48379
74713
64052
43163
32085
2158
49052
65687
62676
424
4046
43406
1362
43548
37685
60370
54916
50212
48524
20121
5623
6930
19161
65540
41473
43729
3081
50793
32134
48757
50834
41655
34342
1476
3111
17371
12051
50142
2532
32695
57353
67610
64156
49492
58198
64253
64490
10068
59024
64483
20365
48478
5985
49203
9850
10363
13030
17946
34107
63138
8163
57084
48168
67439
52478
33757
59753
8779
14612
21296
64113
9141
16076
73055
33690
43741
4196
18431
57069
24970
49324
10374
49753
25612
21897
65478
28890
26103
74825
18470
41759
52241
32461
66160
56013
54447
75320
74412
35992
2801
66665
60890
24897
29660
1879
77577
33464
24923
44954
59721
8147
73486
41600
16723
21995
33045
56020
17935
77186
42752
76494
29936
20404
39733
76891
78441
36276
35338
2859
40181
27174
26786
24439
58997
59703
20274
46450
2118
41074
16594
4940
61626
16081
68180
29166
54921
66508
74798
40819
49284
32623
29401
30394
40939
52970
8128
828
9098
52009
73987
18128
18514
8668
8696
18782
11580
39958
57719
10983
22593
36841
12171
61101
65462
24858
25166
45008
42421
911
75970
59535
74950
8686
12502
35793
16273
64475
73480
76592
12839
64804
4761
55504
38158
30162
46393
57820
20428
57793
52271
76353
49107
28566
34256
30320
46522
28636
37169
37292
72806
42386
175
4995
57170
72498
50276
58673
16382
24737
9762
2926
73200
22259
41761
78209
2040
8928
34921
20053
5129
27113
43263
20083
64401
18429
15203
3700
34519
58313
59873
74595
19184
25796
58907
59404
36676
28495
3114
56193
8165
36993
30020
28996
28219
8211
67185
73292
69252
2170
77284
43861
42734
33574
33767
4600
13820
68339
64343
57156
52528
10783
44114
51013
64584
38931
1819
34944
74198
61597
26359
9022
73683
74530
6940
36869
30364
40283
45441
12386
18993
11250
40964
2578
72218
11522
13370
43482
16918
1220
63410
57848
40762
8594
36471
37180
51571
27558
77348
1126
8052
29442
64331
74934
18234
44158
27920
29452
40442
40508
4671
73845
22572
59129
71507
3074
75712
12166
56539
8793
40035
72510
75567
48940
67521
74865
4729
13267
4574
21009
33536
48693
38202
51578
36835
71685
75511
5021
14372
224
51093
60286
30042
48608
33426
64667
65977
66165
68168
34975
36326
66895
66572
49528
66871
58218
70748
45174
28643
19212
64839
13175
57262
64532
11682
14664
24148
75947
27470
24711
4321
73125
17441
68159
9862
32689
17591
58354
58370
26984
74593
37413
3663
25600
77225
64746
33363
26435
9784
76702
45809
46689
3711
8771
57806
10169
10502
55332
61129
48222
26178
8651
72995
44031
75013
3848
74119
8322
40062
42720
58937
54521
5416
75459
12988
34925
17507
32616
67494
60233
21450
11384
10144
64150
62674
3724
49597
56416
27406
28912
77049
24700
11278
74970
43005
262
60213
8804
60870
5207
42338
18509
40722
2444
5066
66040
48201
37512
49534
27002
70941
74199
33486
59008
18078
42028
25658
33014
50856
13463
34683
59105
27039
10832
78443
33511
8152
76657
13467
42545
8712
77565
19967
44735
47456
16074
68018
58833
34087
58417
46242
32169
2505
48509
25348
3125
12684
34003
2202
11138
54303
73782
69912
44914
33405
9511
69326
958
58873
19019
77275
46982
10259
36827
57705
36394
56180
56195
49854
50367
31162
30703
74289
1849
67417
26238
73014
77071
3968
19985
33072
65518
61360
32756
64116
64217
10720
50676
18031
18961
40045
70511
5626
12242
48957
11272
16348
43004
28430
65175
34118
61875
50804
44795
41327
49842
57168
20206
26451
40542
43490
17228
16623
42116
25028
36805
36146
33983
56898
22611
64847
14005
41714
49731
76861
51447
17283
40099
2283
64647
16067
19735
41839
73910
41043
1157
13052
75563
26895
53570
32381
50563
16234
30
59461
43982
72794
64491
3507
26669
25214
40092
11696
512
28609
32766
64197
74587
18207
48351
52415
16889
17259
19453
54471
12777
17663
61759
34086
34193
32620
33250
12520
537
65921
1640
59153
3414
36235
73993
24136
64526
9712
55526
57593
72587
78265
42814
26931
25059
20516
9166
57125
56691
64518
68096
13477
17717
2290
42267
27862
31042
41802
219
34759
32585
3680
70895
26129
27590
49191
29064
75270
68863
65770
46594
56174
60378
36932
19848
2849
37983
57427
40272
20631
61428
35268
65216
9010
5080
50514
8264
24254
72830
24175
74589
57961
11167
6411
4164
28923
29712
25289
72692
10049
65027
48404
4560
40339
4105
11738
43905
9636
74183
45974
51061
67062
57068
65521
61262
73721
74796
8570
11756
37964
65177
44608
40303
9547
77339
60274
37429
8936
43105
24115
53696
42247
769
22
8627
43129
35169
41010
24225
60644
16148
34371
68448
41571
64227
43393
40168
25654
4427
64438
2416
61762
27415
51489
64206
78778
34369
8339
56716
74320
20620
64862
32199
74364
43590
32697
40017
50817
17971
73065
9734
58614
76187
16035
5042
74846
62454
68310
60897
65151
28933
64794
76056
78381
59625
32591
33561
52037
75245
1187
64008
24555
65483
74217
76329
66989
7696
29410
8642
74418
41089
11007
67515
38799
2153
41234
25809
505
17285
42837
24625
28018
50042
49395
49942
49304
31330
43165
17028
22625
75918
16845
14443
1090
56031
17493
44564
58480
24263
72222
64927
2036
56341
3949
27143
10031
9808
62316
16051
75112
66522
27320
68916
8396
66625
16732
67548
73553
64415
53295
64949
3598
68401
59809
25673
74649
59226
19205
8090
50289
77402
75961
33572
50719
11954
37805
41230
49861
76425
57379
10925
34060
25840
41747
33824
26426
37569
18442
65598
18559
34620
65361
37803
8497
61414
35141
64655
44186
2890
58609
10640
74237
12064
51411
6456
64071
64981
42898
26106
10188
287
72286
56181
31980
66597
10775
10842
9779
13873
40553
33121
28862
75949
46142
20957
45412
56831
53115
69876
70142
36279
37074
56711
73274
32657
54250
58854
10526
3070
44453
21253
2321
66876
66504
67386
12325
49312
57569
33148
73804
28908
4242
1143
74785
51375
2228
33771
8038
9371
10439
64388
41023
19312
75328
834
6741
65855
13264
56128
64864
78712
24904
10630
72504
6420
56049
51156
1140
60160
53025
867
66173
16834
1092
18922
12417
43985
16756
58333
1432
72856
65100
72046
61781
65171
67341
3514
64465
65429
44830
33591
66095
45471
12284
65417
65531
515
36344
1284
62806
51135
5979
25643
74896
20171
200
10671
14185
41804
5439
57813
1095
4340
52669
66014
52225
49026
50881
17528
30882
26581
57767
56243
65868
78269
58825
28109
35581
26448
42412
3609
32880
26513
4401
52203
53982
33671
76880
65682
77989
13354
67773
13242
28795
32545
33865
38364
49749
16341
48343
25433
56457
56786
8892
3457
8667
73213
34383
70324
11879
38645
48753
60672
37192
10185
72826
35535
16426
78835
69320
49177
18812
4040
18675
33077
33093
32414
26121
73201
3038
50948
19577
48259
68307
32427
34473
64252
58578
18635
12138
40630
40928
28124
51694
27488
29057
1016
57604
58775
27703
48602
1572
51885
4300
12935
73927
76900
53422
54794
4592
48932
52207
48142
57542
28366
16601
44067
12530
26963
73744
10936
9471
10398
60262
43174
2081
65225
76557
51275
56318
73368
57318
12492
41107
6565
73149
761
76378
12143
5570
41420
59325
5738
50150
18698
74788
64598
73354
75433
65839
73145
61197
2712
40635
56911
25100
11770
29533
67140
40746
4124
25958
73259
70477
16361
40543
16773
5858
44531
19344
68981
63315
50185
44400
67641
46214
21483
76342
74255
25014
324
5251
17369
33091
67173
57602
24233
10970
25984
73850
68751
66026
56137
50700
74557
57607
11224
33050
51363
73260
60954
73413
35897
45258
17273
65351
15308
76669
32043
17324
40875
36980
52434
3577
683
18952
77741
50152
69274
29716
34164
51440
50546
28498
27922
8433
65799
42858
29035
48123
48445
8095
66685
60780
685
57905
2972
72403
42524
61749
44707
12835
67742
10100
65942
60230
73979
74616
2585
25700
662
39600
75761
50451
19713
25424
20037
69915
10725
22934
37308
17221
45202
51141
29643
17118
10682
38450
54639
140
56628
35023
65539
72610
64001
64614
21329
16659
9071
9878
16548
65745
74330
19123
1457
59254
8320
9189
66075
13927
33492
25939
4723
22817
8922
1369
2503
72411
46282
6193
74532
62065
30849
42020
1740
52006
396
64222
36451
16120
20484
40418
44980
40024
59594
65953
58066
19507
1820
1208
5492
67506
9773
40962
51069
64953
11242
20425
53182
77195
2575
48298
46029
67006
46180
66420
72334
49295
70264
69813
16238
58311
61368
66965
32297
50315
49263
21626
16993
29908
28712
66431
890
53644
51346
77086
44978
5533
24709
20188
24973
26140
62460
33433
10845
74200
49392
64731
56346
25894
50172
48297
76427
11159
59133
25808
26459
28993
49947
24492
50028
43772
65936
45759
57279
5916
52748
61895
74109
55194
2696
11125
2231
11878
32548
77030
65596
52078
40407
41284
13389
57254
52676
49168
49759
3785
48572
11000
56968
2034
11419
60030
64164
64843
10203
3030
72644
57140
49679
73669
19100
46258
1442
47860
19808
78524
26657
65248
73315
73663
45292
65449
34090
50224
72087
36754
18077
68700
32072
16480
21305
27951
21077
8790
46050
30886
72585
52597
34042
11883
29292
40342
29361
40612
25376
1497
56131
47726
43036
69806
65261
37872
52385
11649
74974
65383
36854
49097
17031
72959
17682
55456
5555
24892
46239
58697
27038
3585
56751
42334
74887
67021
8640
51098
9308
45700
45930
78499
52178
26871
25885
56688
57554
42546
27795
75469
60577
18768
36759
41976
44364
45808
2315
32165
50290
64154
25920
23187
42058
4540
8204
49412
10224
18982
58640
48091
68529
75924
40862
40392
75227
45910
73086
26120
1589
3379
10632
44335
75492
1974
77782
57772
56126
35110
70148
14267
5689
57824
16149
14602
4180
9264
28574
40993
41309
32005
10763
5437
28294
57460
16972
53772
49706
2274
35715
16517
37720
76077
61365
13485
69425
2320
65932
27065
26282
28676
26619
9439
56762
49082
16417
66221
72337
5853
33279
26197
27121
17481
77178
33080
19680
50860
48197
54116
58044
73436
22699
43776
1004
16196
60769
9601
5700
975
59046
26490
57917
41081
4766
35471
44992
70594
40705
45902
58018
8684
76428
10257
27966
2103
67601
73064
64427
34607
44805
19918
52551
43978
74032
27728
66474
9932
56458
60481
72693
70249
72484
66235
65862
48967
27831
3879
19443
17584
43045
640
73704
66466
1444
67028
29217
3930
34903
37973
22107
56774
16748
20097
67437
26582
72459
24037
74182
12125
27777
53170
39194
71184
2072
10240
43773
11817
9398
18911
45237
28913
43917
73903
48573
5291
52981
26275
49116
67241
25791
6418
3713
16378
50094
9594
16043
26022
35445
50475
4774
54484
4915
66430
8776
57724
76426
48373
21000
57223
48783
27277
30347
9325
32687
44313
9931
48054
60746
60008
5314
64213
19677
65636
35193
70949
61413
64925
24661
40506
35002
56687
72650
10848
34393
35737
58676
28250
3604
56435
36741
58576
52049
65430
63276
10072
12560
4335
44767
52707
53553
40444
44563
33465
60611
66672
4155
730
13602
77449
35967
73338
76067
29765
8806
15218
50747
9597
43391
59384
56454
60405
36900
58097
16159
70382
36351
44811
28406
77562
21414
35310
37555
59918
76570
28986
59950
19474
49290
43266
51437
68035
56211
49368
9013
49243
42381
64657
48065
42783
1381
19951
53126
33926
29750
9330
14165
25202
53736
196
74623
25197
10477
45728
18020
67549
74422
46467
3408
50679
25977
20447
32379
32200
56372
50602
37945
26918
56122
26759
73720
76777
28337
9640
51025
57076
40057
44048
66736
12321
17704
18655
49274
35453
60037
636
56371
35812
10148
48604
19764
55741
27193
57631
57498
76799
72122
26483
73901
74149
24589
74236
44107
2474
42883
26362
1236
76729
57022
59275
25204
10839
72070
77245
74746
49971
29588
14146
8873
14239
64540
65691
9383
17097
38410
52695
40333
76430
34067
36709
40554
1761
16305
13830
22901
34229
10628
34559
76672
11462
77797
32648
48166
24011
18171
59913
62979
73611
24718
67181
25869
64678
67516
339
60783
35913
8086
8864
7215
24124
72477
74760
51430
48143
48122
57467
17727
56895
32641
8129
55654
74143
34718
48383
17893
65390
70674
57119
26593
34413
26499
36172
59808
34629
70608
67279
22019
49022
30182
3346
57512
72974
45623
19739
75507
74800
5637
44216
64871
14103
78268
9502
56157
57937
9262
62915
44403
33157
3637
36857
10179
29242
74401
66197
76622
34647
26833
22118
72320
41894
1722
60929
53392
16320
76220
57429
42441
50636
13515
13109
32112
1361
56003
56954
74415
44742
5146
35666
27216
33470
73026
59412
65792
25521
30426
34122
16718
59880
48118
10433
16212
2066
65940
37299
486
35427
41
751
66373
65381
56375
64471
40706
10180
4416
16819
24943
41795
17870
64560
16396
68788
34858
37060
12562
50897
19919
27504
50178
70819
8365
45102
50972
3553
12151
12644
50098
50235
73398
17120
16249
40627
24470
51528
26066
27276
20063
48937
50896
64690
1594
78773
1943
32520
73031
11913
5634
48815
32095
50634
17431
75218
17787
37043
32213
45887
50189
58569
60291
3750
48086
64828
11153
75943
42185
26988
56246
57302
67555
13180
42215
51848
26747
75736
42318
19718
66838
16998
51692
48668
40378
4875
41982
19303
50724
58137
18866
32440
35103
56654
50819
24098
65860
13852
3035
49640
51246
72260
65563
75376
32542
59191
54047
67468
61831
10656
24392
73772
26663
48627
20397
64506
50278
18946
8292
44246
58046
57742
38574
24343
4800
18788
76813
78002
9157
16942
26247
37173
3562
34400
22840
19479
6190
4816
35721
41955
58870
73020
67388
40370
12134
4409
73795
76178
11036
10960
40946
34781
3945
67373
891
25434
56555
57454
33515
10710
40775
40792
25145
1542
40193
69766
55159
5919
41481
58474
74931
42665
52647
20964
73404
59
77899
10997
48053
38415
50219
28970
69236
65984
17948
71521
45425
34544
48778
13401
48888
64228
17586
74474
10957
22496
67540
71398
21553
42935
4924
8410
45989
77517
41112
4043
48713
73834
60426
75319
35457
73644
25245
2358
51900
65545
52421
60961
48101
24834
66835
57078
8754
73767
69263
41095
44178
26970
52343
64176
32943
35765
19081
10249
20476
66274
51795
25384
33965
64439
20132
48025
10020
34434
28771
40182
66288
34707
58797
61282
40285
50321
61057
56046
72949
43668
72981
26026
57791
60423
60608
71310
40242
51406
42507
9410
62799
12499
784
74355
27389
40648
24066
59942
21192
57274
65352
11975
18191
35165
59018
26173
316
49568
17864
9824
25824
75177
74190
51478
32116
45012
55317
16936
62580
2003
66311
48864
35969
23737
33950
18079
10859
749
241
22606
5684
56854
65023
18163
72738
44472
29538
8004
61246
76352
3992
60597
17317
45492
57500
42536
43100
2139
9279
8051
12103
73857
41559
38909
17233
49588
72469
20141
42681
32806
72147
239
68370
2379
73920
36393
52952
37618
36455
10715
56442
72707
